0.0000
0.0303
0.0607
0.0910
0.0917
0.0923
0.0930
0.0936
0.0943
0.0949
0.0956
0.0962
0.0969
0.0975
0.0982
0.0989
0.0890
0.0792
0.0694
0.0596
0.0498
0.0400
0.0302
0.0204
0.0106
0.0008
-0.0081
-0.0170
-0.0259
-0.0348
-0.0437
-0.0526
-0.0615
-0.0704
-0.0793
-0.0882
-0.0971
-0.1055
-0.1140
-0.1225
-0.1310
-0.1395
-0.1480
-0.1564
-0.1649
-0.1644
-0.1639
-0.1634
-0.1629
-0.1623
-0.1618
-0.1613
-0.1608
-0.1604
-0.1599
-0.1595
-0.1591
-0.1586
-0.1582
-0.1578
-0.1574
-0.1569
-0.1565
-0.1561
-0.1556
-0.1552
-0.1548
-0.1543
-0.1539
-0.1510
-0.1482
-0.1453
-0.1425
-0.1396
-0.1367
-0.1339
-0.1310
-0.1346
-0.1383
-0.1419
-0.1456
-0.1492
-0.1529
-0.1565
-0.1616
-0.1666
-0.1717
-0.1768
-0.1819
-0.1869
-0.1920
-0.1971
-0.2022
-0.2072
-0.2123
-0.2174
-0.2225
-0.2276
-0.2328
-0.2379
-0.2430
-0.2481
-0.2532
-0.2482
-0.2431
-0.2381
-0.2330
-0.2280
-0.2229
-0.2179
-0.2129
-0.2078
-0.1999
-0.1920
-0.1842
-0.1763
-0.1684
-0.1605
-0.1526
-0.1448
-0.1369
-0.1290
-0.1211
-0.1132
-0.1314
-0.1496
-0.1678
-0.1860
-0.2042
-0.2224
-0.2354
-0.2484
-0.2614
-0.2743
-0.2711
-0.2678
-0.2645
-0.2612
-0.2580
-0.2547
-0.2514
-0.2552
-0.2589
-0.2626
-0.2664
-0.2701
-0.2739
-0.2776
-0.2814
-0.2851
-0.2888
-0.2926
-0.2981
-0.3037
-0.3092
-0.3148
-0.3203
-0.3259
-0.3326
-0.3394
-0.3461
-0.3524
-0.3587
-0.3650
-0.3713
-0.3777
-0.3558
-0.3339
-0.3121
-0.2902
-0.2684
-0.2336
-0.1988
-0.1640
-0.1292
-0.1183
-0.1073
-0.0964
-0.0854
-0.0745
-0.0636
-0.0526
-0.0417
-0.0308
-0.0198
-0.0200
-0.0201
-0.0203
-0.0204
-0.0206
-0.0207
-0.0208
-0.0210
-0.0211
-0.0213
-0.0214
-0.0216
-0.0217
-0.0219
-0.0220
-0.0222
-0.0223
-0.0225
-0.0226
-0.0228
-0.0229
-0.0230
-0.0232
-0.0233
-0.0235
-0.0236
-0.0238
-0.0239
-0.0241
-0.0242
-0.0244
-0.0354
-0.0465
-0.0576
-0.0687
-0.0798
-0.0909
-0.1020
-0.1131
-0.1117
-0.1104
-0.1091
-0.1078
-0.1065
-0.1124
-0.1183
-0.1242
-0.1301
-0.1361
-0.1420
-0.1479
-0.1538
-0.1597
-0.1656
-0.1633
-0.1609
-0.1586
-0.1562
-0.1539
-0.1515
-0.1492
-0.1468
-0.1381
-0.1293
-0.1205
-0.1118
-0.1030
-0.0942
-0.0956
-0.0970
-0.0985
-0.0999
-0.1013
-0.1027
-0.1041
-0.1055
-0.1069
-0.1083
-0.1098
-0.1168
-0.1239
-0.1309
-0.1380
-0.1451
-0.1521
-0.1592
-0.1663
-0.1733
-0.1804
-0.1969
-0.2133
-0.2298
-0.2463
-0.2627
-0.2792
-0.2957
-0.3485
-0.4014
-0.4542
-0.5043
-0.5544
-0.6046
-0.6110
-0.6174
-0.6238
-0.6302
-0.6366
-0.6450
-0.6534
-0.6617
-0.6701
-0.7012
-0.7323
-0.7634
-0.7808
-0.7982
-0.8156
-0.8224
-0.8293
-0.8361
-0.8430
-0.8498
-0.8566
-0.8635
-0.8703
-0.8749
-0.8795
-0.8840
-0.8886
-0.8932
-0.8978
-0.9023
-0.9069
-0.9115
-0.9160
-0.9206
-0.9252
-0.9298
-0.9343
-0.9389
-0.9435
-0.9480
-0.9526
-0.9572
-0.9618
-0.9663
-0.9709
-0.9867
-1.0025
-1.0183
-1.0340
-1.0498
-1.0703
-1.0908
-1.1113
-1.1319
-1.1524
-1.1796
-1.2067
-1.2339
-1.2611
-1.2725
-1.2838
-1.2952
-1.3065
-1.3178
-1.3292
-1.3405
-1.3443
-1.3480
-1.3518
-1.3555
-1.3593
-1.3630
-1.3668
-1.3705
-1.3743
-1.3780
-1.3818
-1.3856
-1.3893
-1.3871
-1.3849
-1.3827
-1.3805
-1.3783
-1.3761
-1.3739
-1.3717
-1.3694
-1.3672
-1.3650
-1.3628
-1.3606
-1.3584
-1.3562
-1.3540
-1.3518
-1.3496
-1.3472
-1.3449
-1.3426
-1.3402
-1.3379
-1.3355
-1.3332
-1.3309
-1.3285
-1.3262
-1.3239
-1.3215
-1.3153
-1.3090
-1.3028
-1.2965
-1.2903
-1.2840
-1.2778
-1.2767
-1.2756
-1.2746
-1.2735
-1.2725
-1.2714
-1.2736
-1.2758
-1.2780
-1.2802
-1.2825
-1.2847
-1.2869
-1.2872
-1.2875
-1.2878
-1.2882
-1.2885
-1.2888
-1.2891
-1.2894
-1.2898
-1.2965
-1.3032
-1.3099
-1.3166
-1.3232
-1.3299
-1.3366
-1.3433
-1.3500
-1.3567
-1.3634
-1.3701
-1.3768
-1.3835
-1.3902
-1.3969
-1.4036
-1.4348
-1.4660
-1.4971
-1.5283
-1.5469
-1.5655
-1.5841
-1.6027
-1.6213
-1.6403
-1.6594
-1.6784
-1.6974
-1.7127
-1.7280
-1.7433
-1.7561
-1.7690
-1.7818
-1.7946
-1.8038
-1.8131
-1.8224
-1.8317
-1.8372
-1.8427
-1.8482
-1.8536
-1.8591
-1.8646
-1.8633
-1.8621
-1.8608
-1.8595
-1.8582
-1.8569
-1.8556
-1.8543
-1.8530
-1.8518
-1.8505
-1.8492
-1.8479
-1.8466
-1.8453
-1.8405
-1.8356
-1.8307
-1.8258
-1.8209
-1.8161
-1.8087
-1.8014
-1.7941
-1.7868
-1.7794
-1.7721
-1.7606
-1.7490
-1.7375
-1.7259
-1.7144
-1.7028
-1.6913
-1.6788
-1.6664
-1.6539
-1.6415
-1.6290
-1.6166
-1.6042
-1.5917
-1.5793
-1.5728
-1.5663
-1.5598
-1.5534
-1.5469
-1.5404
-1.5339
-1.5274
-1.5210
-1.5145
-1.5080
-1.5015
-1.4950
-1.4886
-1.4821
-1.4797
-1.4773
-1.4749
-1.4725
-1.4701
-1.4678
-1.4654
-1.4630
-1.4606
-1.4582
-1.4558
-1.4534
-1.4511
-1.4487
-1.4463
-1.4439
-1.4415
-1.4391
-1.4368
-1.4344
-1.4320
-1.4296
-1.4272
-1.4248
-1.4245
-1.4242
-1.4239
-1.4236
-1.4233
-1.4230
-1.4227
-1.4224
-1.4221
-1.4218
-1.4216
-1.4213
-1.4128
-1.4043
-1.3958
-1.3873
-1.3789
-1.3704
-1.3734
-1.3764
-1.3795
-1.3825
-1.3855
-1.3886
-1.3916
-1.3946
-1.3973
-1.4000
-1.4027
-1.4054
-1.4081
-1.4107
-1.4134
-1.4161
-1.4188
-1.4215
-1.4242
-1.4269
-1.4296
-1.4322
-1.4349
-1.4376
-1.4403
-1.4430
-1.4457
-1.4686
-1.4914
-1.5143
-1.5372
-1.5331
-1.5289
-1.5248
-1.5206
-1.5164
-1.5123
-1.5081
-1.5040
-1.4998
-1.4957
-1.4914
-1.4871
-1.4828
-1.4785
-1.4742
-1.4700
-1.4657
-1.4614
-1.4571
-1.4528
-1.4485
-1.4443
-1.4669
-1.4895
-1.5121
-1.5347
-1.5573
-1.5799
-1.6083
-1.6366
-1.6650
-1.6933
-1.7067
-1.7200
-1.7333
-1.7466
-1.7600
-1.7733
-1.7952
-1.8171
-1.8390
-1.8609
-1.8579
-1.8550
-1.8521
-1.8492
-1.8463
-1.8434
-1.8405
-1.8383
-1.8361
-1.8338
-1.8316
-1.8294
-1.8272
-1.8249
-1.8227
-1.8254
-1.8281
-1.8308
-1.8335
-1.8362
-1.8388
-1.8415
-1.8442
-1.8469
-1.8496
-1.8523
-1.8550
-1.8534
-1.8517
-1.8501
-1.8484
-1.8468
-1.8452
-1.8435
-1.8419
-1.8403
-1.8386
-1.8370
-1.8354
-1.8337
-1.8321
-1.8344
-1.8366
-1.8389
-1.8412
-1.8435
-1.8457
-1.8480
-1.8503
-1.8587
-1.8671
-1.8755
-1.8839
-1.8923
-1.9057
-1.9191
-1.9325
-1.9459
-1.9583
-1.9707
-1.9831
-1.9955
-2.0079
-2.0143
-2.0208
-2.0272
-2.0336
-2.0401
-2.0465
-2.0420
-2.0375
-2.0330
-2.0285
-2.0240
-2.0195
-2.0151
-2.0106
-2.0084
-2.0063
-2.0042
-2.0021
-1.9999
-1.9978
-1.9957
-1.9935
-1.9932
-1.9929
-1.9926
-1.9923
-1.9920
-1.9917
-1.9914
-1.9910
-1.9907
-1.9904
-1.9901
-1.9898
-1.9895
-1.9904
-1.9913
-1.9922
-1.9931
-1.9940
-1.9949
-1.9958
-1.9967
-1.9976
-1.9985
-1.9994
-2.0003
-2.0011
-2.0119
-2.0227
-2.0334
-2.0442
-2.0549
-2.0657
-2.0764
-2.0872
-2.0974
-2.1077
-2.1180
-2.1282
-2.1385
-2.1487
-2.1590
-2.1692
-2.1765
-2.1839
-2.1912
-2.1985
-2.2058
-2.2132
-2.2205
-2.2278
-2.2351
-2.2445
-2.2539
-2.2633
-2.2727
-2.2821
-2.2915
-2.3009
-2.3245
-2.3481
-2.3717
-2.3953
-2.4188
-2.4424
-2.4876
-2.5328
-2.5779
-2.5985
-2.6191
-2.6396
-2.6602
-2.6808
-2.6765
-2.6722
-2.6679
-2.6635
-2.6592
-2.6449
-2.6306
-2.6163
-2.6019
-2.5981
-2.5943
-2.5905
-2.5866
-2.5828
-2.5790
-2.5751
-2.5689
-2.5627
-2.5565
-2.5503
-2.5441
-2.5378
-2.5316
-2.5254
-2.5192
-2.5130
-2.5068
-2.5102
-2.5136
-2.5170
-2.5204
-2.5238
-2.5272
-2.5306
-2.5340
-2.5374
-2.5408
-2.5442
-2.5556
-2.5671
-2.5785
-2.5899
-2.6014
-2.6128
-2.6365
-2.6601
-2.6838
-2.7075
-2.7119
-2.7164
-2.7208
-2.7253
-2.7297
-2.7341
-2.7386
-2.7290
-2.7194
-2.7098
-2.7002
-2.6906
-2.6810
-2.6719
-2.6628
-2.6537
-2.6446
-2.6355
-2.6411
-2.6466
-2.6521
-2.6577
-2.6632
-2.6837
-2.7041
-2.7246
-2.7450
-2.7668
-2.7887
-2.8105
-2.8199
-2.8293
-2.8387
-2.8481
-2.8575
-2.8668
-2.8762
-2.8814
-2.8865
-2.8916
-2.8968
-2.9019
-2.9070
-2.9122
-2.9145
-2.9169
-2.9192
-2.9215
-2.9239
-2.9262
-2.9286
-2.9309
-2.9333
-2.9356
-2.9380
-2.9403
-2.9427
-2.9422
-2.9417
-2.9413
-2.9408
-2.9403
-2.9398
-2.9394
-2.9389
-2.9384
-2.9379
-2.9375
-2.9370
-2.9365
-2.9360
-2.9356
-2.9351
-2.9346
-2.9341
-2.9311
-2.9281
-2.9250
-2.9220
-2.9190
-2.9159
-2.9129
-2.9099
-2.9068
-2.9038
-2.9007
-2.8977
-2.8947
-2.8967
-2.8988
-2.9009
-2.9029
-2.9050
-2.9071
-2.9091
-2.9112
-2.9133
-2.9153
-2.9174
-2.9194
-2.9344
-2.9493
-2.9642
-2.9792
-2.9941
-3.0090
-3.0239
-3.0300
-3.0360
-3.0421
-3.0482
-3.0542
-3.0603
-3.0663
-3.0724
-3.0784
-3.0825
-3.0866
-3.0907
-3.0947
-3.0988
-3.1029
-3.1070
-3.1111
-3.1151
-3.1234
-3.1317
-3.1399
-3.1482
-3.1564
-3.1647
-3.1666
-3.1685
-3.1704
-3.1724
-3.1743
-3.1762
-3.1781
-3.1800
-3.1820
-3.1839
-3.1858
-3.1877
-3.1896
-3.1915
-3.1935
-3.1954
-3.1973
-3.1992
-3.2011
-3.2031
-3.2050
-3.2111
-3.2171
-3.2232
-3.2293
-3.2354
-3.2415
-3.2475
-3.2536
-3.2597
-3.2658
-3.2719
-3.2779
-3.2840
-3.2901
-3.2962
-3.3112
-3.3263
-3.3413
-3.3563
-3.3713
-3.3864
-3.4014
-3.4131
-3.4248
-3.4365
-3.4481
-3.4598
-3.4715
-3.4832
-3.4949
-3.4969
-3.4989
-3.5009
-3.5029
-3.5049
-3.5069
-3.5089
-3.5109
-3.5129
-3.5149
-3.5169
-3.5189
-3.5209
-3.5229
-3.5249
-3.5269
-3.5289
-3.5309
-3.5329
-3.5349
-3.5369
-3.5389
-3.5409
-3.5429
-3.5449
-3.5469
-3.5489
-3.5509
-3.5529
-3.5549
-3.5569
-3.5589
-3.5609
-3.5629
-3.5649
-3.5680
-3.5711
-3.5742
-3.5774
-3.5805
-3.5836
-3.5867
-3.5898
-3.5930
-3.5961
-3.5992
-3.6023
-3.6031
-3.6040
-3.6048
-3.6056
-3.6065
-3.6073
-3.6081
-3.6089
-3.6098
-3.6106
-3.6114
-3.6122
-3.6107
-3.6091
-3.6075
-3.6059
-3.6044
-3.6028
-3.6012
-3.5996
-3.5980
-3.5965
-3.5949
-3.5923
-3.5897
-3.5871
-3.5845
-3.5819
-3.5793
-3.5767
-3.5741
-3.5716
-3.5692
-3.5668
-3.5644
-3.5620
-3.5596
-3.5573
-3.5581
-3.5589
-3.5598
-3.5606
-3.5614
-3.5622
-3.5631
-3.5639
-3.5647
-3.5712
-3.5776
-3.5840
-3.5905
-3.5969
-3.6033
-3.6097
-3.6162
-3.6226
-3.6290
-3.6377
-3.6463
-3.6549
-3.6636
-3.6722
-3.6808
-3.6871
-3.6933
-3.6996
-3.7058
-3.7081
-3.7104
-3.7126
-3.7149
-3.7171
-3.7194
-3.7217
-3.7239
-3.7262
-3.7285
-3.7307
-3.7330
-3.7353
-3.7375
-3.7419
-3.7463
-3.7506
-3.7550
-3.7594
-3.7638
-3.7681
-3.7725
-3.7769
-3.7813
-3.7856
-3.7938
-3.8021
-3.8103
-3.8185
-3.8267
-3.8349
-3.8431
-3.8513
-3.8595
-3.8677
-3.8759
-3.8898
-3.9038
-3.9178
-3.9317
-3.9457
-3.9597
-3.9736
-3.9733
-3.9730
-3.9727
-3.9724
-3.9721
-3.9717
-3.9676
-3.9635
-3.9594
-3.9552
-3.9511
-3.9470
-3.9429
-3.9539
-3.9649
-3.9759
-3.9870
-3.9980
-4.0090
-4.0292
-4.0494
-4.0696
-4.0898
-4.0989
-4.1081
-4.1173
-4.1265
-4.1357
-4.1354
-4.1351
-4.1348
-4.1345
-4.1342
-4.1339
-4.1336
-4.1359
-4.1381
-4.1404
-4.1426
-4.1449
-4.1471
-4.1494
-4.1516
-4.1539
-4.1561
-4.1584
-4.1606
-4.1593
-4.1579
-4.1565
-4.1551
-4.1537
-4.1523
-4.1509
-4.1495
-4.1481
-4.1468
-4.1454
-4.1440
-4.1426
-4.1433
-4.1439
-4.1446
-4.1453
-4.1459
-4.1466
-4.1473
-4.1479
-4.1486
-4.1492
-4.1412
-4.1332
-4.1251
-4.1171
-4.1091
-4.1010
-4.0930
-4.0850
-4.0769
-4.0684
-4.0598
-4.0512
-4.0426
-4.0340
-4.0254
-3.9853
-3.9452
-3.9051
-3.8650
-3.8017
-3.7385
-3.6521
-3.5657
-3.5272
-3.4888
-3.4503
-3.4383
-3.4264
-3.4144
-3.4025
-3.3906
-3.3786
-3.3745
-3.3703
-3.3661
-3.3619
-3.3577
-3.3536
-3.3494
-3.3504
-3.3514
-3.3524
-3.3534
-3.3544
-3.3554
-3.3565
-3.3575
-3.3585
-3.3595
-3.3605
-3.3615
-3.3625
-3.3662
-3.3699
-3.3736
-3.3773
-3.3810
-3.3847
-3.3884
-3.3920
-3.3919
-3.3918
-3.3916
-3.3915
-3.3914
-3.3912
-3.3911
-3.3910
-3.3908
-3.3907
-3.3905
-3.3904
-3.3856
-3.3808
-3.3760
-3.3711
-3.3663
-3.3615
-3.3567
-3.3519
-3.3471
-3.3422
-3.3335
-3.3248
-3.3161
-3.3074
-3.2988
-3.2903
-3.2817
-3.2731
-3.2645
-3.2560
-3.2602
-3.2644
-3.2686
-3.2729
-3.2771
-3.2813
-3.2855
-3.2898
-3.2940
-3.2982
-3.3024
-3.3067
-3.3109
-3.3220
-3.3331
-3.3442
-3.3553
-3.3664
-3.3775
-3.3958
-3.4141
-3.4323
-3.4506
-3.4688
-3.4871
-3.6369
-3.7180
-3.7991
-3.8304
-3.8617
-3.8931
-3.9244
-3.9055
-3.8866
-3.8678
-3.8489
-3.8300
-3.8112
-3.7923
-3.7734
-3.7545
-3.7357
-3.7168
-3.7248
-3.7328
-3.7409
-3.7489
-3.7569
-3.7649
-3.7730
-3.7810
-3.7890
-3.7970
-3.8050
-3.8131
-3.8211
-3.8291
-3.8371
-3.8451
-3.8232
-3.8012
-3.7793
-3.7573
-3.7042
-3.6512
-3.6532
-3.6552
-3.6572
-3.6592
-3.6612
-3.6851
-3.7089
-3.7328
-3.7567
-3.7805
-3.8044
-3.8282
-3.8521
-3.8760
-3.8998
-3.9424
-3.9849
-4.0275
-4.0277
-4.0279
-4.0281
-4.0283
-4.0286
-4.0288
-4.0290
-4.0292
-4.0294
-4.0296
-4.0378
-4.0460
-4.0542
-4.0624
-4.0706
-4.0788
-4.0753
-4.0717
-4.0682
-4.0646
-4.0611
-4.0575
-4.0574
-4.0572
-4.0571
-4.0570
-4.0568
-4.0567
-4.0566
-4.0564
-4.0605
-4.0647
-4.0688
-4.0729
-4.0770
-4.0811
-4.0807
-4.0803
-4.0798
-4.0794
-4.0772
-4.0750
-4.0728
-4.0706
-4.0692
-4.0679
-4.0666
-4.0653
-4.0640
-4.0627
-4.0614
-4.0659
-4.0705
-4.0751
-4.0797
-4.0843
-4.0888
-4.0934
-4.1043
-4.1152
-4.1262
-4.1371
-4.1436
-4.1501
-4.1566
-4.1631
-4.1697
-4.1591
-4.1485
-4.1380
-4.1274
-4.1168
-4.1063
-4.0957
-4.0851
-4.0745
-4.0460
-4.0174
-3.9889
-3.9834
-3.9780
-3.9726
-3.9671
-3.9617
-3.9562
-3.9627
-3.9691
-3.9755
-3.9820
-3.9884
-3.9948
-4.0012
-4.0077
-4.0141
-4.0205
-4.0270
-4.0358
-4.0447
-4.0535
-4.0624
-4.0713
-4.0801
-4.0890
-4.0979
-4.1073
-4.1168
-4.1262
-4.1357
-4.1452
-4.1546
-4.1641
-4.1736
-4.1830
-4.1925
-4.2020
-4.2114
-4.2323
-4.2532
-4.2740
-4.2949
-4.3158
-4.3366
-4.3575
-4.3784
-4.3812
-4.3840
-4.3868
-4.3897
-4.3925
-4.3953
-4.3981
-4.3992
-4.4003
-4.4015
-4.4026
-4.3925
-4.3825
-4.3725
-4.3789
-4.3854
-4.3918
-4.3983
-4.4048
-4.4112
-4.4236
-4.4360
-4.4483
-4.4560
-4.4638
-4.4715
-4.4792
-4.4886
-4.4979
-4.5073
-4.5166
-4.5260
-4.5389
-4.5517
-4.5646
-4.5774
-4.5903
-4.6031
-4.6145
-4.6259
-4.6373
-4.6488
-4.6602
-4.6800
-4.6998
-4.7196
-4.7394
-4.7341
-4.7288
-4.7235
-4.7182
-4.7130
-4.7077
-4.7146
-4.7214
-4.7283
-4.7375
-4.7466
-4.7557
-4.7648
-4.7740
-4.7831
-4.7691
-4.7552
-4.7412
-4.7272
-4.7133
-4.6993
-4.6853
-4.6714
-4.6824
-4.6934
-4.7044
-4.7154
-4.7264
-4.7253
-4.7242
-4.7231
-4.7220
-4.7312
-4.7403
-4.7495
-4.7586
-4.7678
-4.7888
-4.8098
-4.8308
-4.8519
-4.8729
-4.8842
-4.8954
-4.9067
-4.9180
-4.9293
-4.9406
-4.9519
-4.9587
-4.9655
-4.9724
-4.9792
-4.9861
-4.9929
-4.9997
-5.0066
-5.0126
-5.0187
-5.0247
-5.0308
-5.0368
-5.0286
-5.0205
-5.0123
-5.0041
-4.9959
-4.9791
-4.9622
-4.9454
-4.9285
-4.9117
-4.8778
-4.8439
-4.8100
-4.8041
-4.7982
-4.7923
-4.7864
-4.7804
-4.7745
-4.7894
-4.8043
-4.8192
-4.8340
-4.8489
-4.8638
-4.8802
-4.8965
-4.9129
-4.9293
-4.9456
-4.9620
-4.9941
-5.0263
-5.0584
-5.0905
-5.1341
-5.1777
-5.2213
-5.2407
-5.2601
-5.2796
-5.2990
-5.3184
-5.3220
-5.3256
-5.3292
-5.3328
-5.3364
-5.3400
-5.3436
-5.3473
-5.3509
-5.3545
-5.3581
-5.3509
-5.3437
-5.3364
-5.3292
-5.3220
-5.3148
-5.3075
-5.3003
-5.2931
-5.2859
-5.2710
-5.2560
-5.2411
-5.2262
-5.2112
-5.1963
-5.1841
-5.1719
-5.1597
-5.1476
-5.1354
-5.1232
-5.1194
-5.1155
-5.1117
-5.1079
-5.1041
-5.1002
-5.0964
-5.1066
-5.1168
-5.1270
-5.1372
-5.1474
-5.1576
-5.1678
-5.1780
-5.1901
-5.2021
-5.2142
-5.2263
-5.2384
-5.2505
-5.2626
-5.2816
-5.3006
-5.3197
-5.3387
-5.3349
-5.3310
-5.3271
-5.3233
-5.3194
-5.3156
-5.2927
-5.2699
-5.2470
-5.2242
-5.2013
-5.2048
-5.2084
-5.2119
-5.2154
-5.2189
-5.2224
-5.2260
-5.2295
-5.2330
-5.2365
-5.2382
-5.2398
-5.2414
-5.2430
-5.2446
-5.2462
-5.2479
-5.2495
-5.2511
-5.2527
-5.2535
-5.2542
-5.2550
-5.2558
-5.2566
-5.2573
-5.2581
-5.2589
-5.2596
-5.2604
-5.2612
-5.2619
-5.2627
-5.2689
-5.2752
-5.2814
-5.2876
-5.2938
-5.3001
-5.3063
-5.3125
-5.3188
-5.3160
-5.3133
-5.3106
-5.3079
-5.3052
-5.3025
-5.2998
-5.2970
-5.2943
-5.2916
-5.2889
-5.2719
-5.2549
-5.2380
-5.2210
-5.2040
-5.1870
-5.1601
-5.1332
-5.1063
-5.0794
-5.0525
-5.0286
-5.0046
-4.9807
-4.9568
-4.9377
-4.9187
-4.8997
-4.8806
-4.8700
-4.8594
-4.8487
-4.8381
-4.8275
-4.8169
-4.8156
-4.8144
-4.8131
-4.8119
-4.8106
-4.8094
-4.8081
-4.8069
-4.8056
-4.8139
-4.8222
-4.8305
-4.8388
-4.8471
-4.8553
-4.8633
-4.8713
-4.8793
-4.8872
-4.8952
-4.9032
-4.9111
-4.9191
-4.9271
-4.9350
-4.9430
-4.9500
-4.9570
-4.9640
-4.9710
-4.9780
-4.9850
-4.9872
-4.9893
-4.9914
-4.9935
-4.9957
-4.9978
-4.9999
-5.0021
-5.0042
-5.0063
-5.0084
-5.0034
-4.9984
-4.9934
-4.9884
-4.9834
-4.9784
-4.9734
-4.9684
-4.9634
-4.9511
-4.9388
-4.9265
-4.9142
-4.9019
-4.8896
-4.8773
-4.8595
-4.8418
-4.8240
-4.8063
-4.7886
-4.7708
-4.7644
-4.7581
-4.7517
-4.7453
-4.7390
-4.7326
-4.7262
-4.7199
-4.7135
-4.7000
-4.6864
-4.6729
-4.6594
-4.6458
-4.6385
-4.6311
-4.6238
-4.6164
-4.6091
-4.6017
-4.5944
-4.5958
-4.5972
-4.5987
-4.6001
-4.6015
-4.6029
-4.6043
-4.6058
-4.6072
-4.6086
-4.6100
-4.6114
-4.6128
-4.6143
-4.6157
-4.6171
-4.6185
-4.6199
-4.6214
-4.6361
-4.6508
-4.6655
-4.6739
-4.6823
-4.6908
-4.6896
-4.6884
-4.6872
-4.6860
-4.6848
-4.6836
-4.6824
-4.6812
-4.6800
-4.6724
-4.6649
-4.6574
-4.6498
-4.6423
-4.6348
-4.6273
-4.6197
-4.6122
-4.6047
-4.6008
-4.5969
-4.5930
-4.5891
-4.5852
-4.5814
-4.5775
-4.5736
-4.5697
-4.5658
-4.5619
-4.5811
-4.6003
-4.6195
-4.6363
-4.6531
-4.6699
-4.6683
-4.6667
-4.6651
-4.6635
-4.6620
-4.6604
-4.6588
-4.6572
-4.6557
-4.6541
-4.6525
-4.6509
-4.6493
-4.6430
-4.6367
-4.6304
-4.6241
-4.6178
-4.6144
-4.6111
-4.6077
-4.6043
-4.6010
-4.6021
-4.6032
-4.6044
-4.6055
-4.6021
-4.5987
-4.5953
-4.5919
-4.5744
-4.5569
-4.5394
-4.5219
-4.5093
-4.4967
-4.4841
-4.4715
-4.4589
-4.4463
-4.4403
-4.4343
-4.4283
-4.4222
-4.4162
-4.4102
-4.4042
-4.3982
-4.3922
-4.3855
-4.3789
-4.3722
-4.3656
-4.3589
-4.3523
-4.3456
-4.3390
-4.3323
-4.3257
-4.3191
-4.3124
-4.3058
-4.2991
-4.2925
-4.2858
-4.2792
-4.2727
-4.2657
-4.2611
-4.2591
