0.0000
0.0359
0.0718
0.1078
0.1178
0.1277
0.1377
0.1477
0.1577
0.1677
0.1776
0.1876
0.1976
0.2076
0.2176
0.2275
0.2357
0.2438
0.2519
0.2600
0.2682
0.2763
0.2844
0.2925
0.3007
0.3088
0.3160
0.3232
0.3304
0.3376
0.3448
0.3520
0.3592
0.3664
0.3736
0.3808
0.3880
0.4020
0.4160
0.4299
0.4439
0.4579
0.4718
0.4858
0.4998
0.5149
0.5300
0.5452
0.5603
0.5755
0.5906
0.6057
0.6209
0.6287
0.6364
0.6442
0.6520
0.6598
0.6675
0.6753
0.6831
0.6909
0.6986
0.7064
0.7142
0.7220
0.7298
0.7375
0.7453
0.7623
0.7792
0.7961
0.8131
0.8300
0.8469
0.8639
0.8808
0.8977
0.9147
0.9316
0.9485
0.9654
0.9824
0.9993
1.0096
1.0200
1.0303
1.0406
1.0510
1.0613
1.0716
1.0820
1.0923
1.1026
1.1129
1.1289
1.1448
1.1607
1.1767
1.1926
1.2085
1.2245
1.2404
1.2529
1.2655
1.2780
1.2906
1.3031
1.3156
1.3282
1.3407
1.3532
1.3602
1.3672
1.3742
1.3812
1.3882
1.3952
1.4022
1.4092
1.4162
1.4232
1.4303
1.4373
1.4520
1.4668
1.4815
1.4963
1.5111
1.5258
1.5544
1.5830
1.6116
1.6401
1.6585
1.6769
1.6953
1.7137
1.7321
1.7505
1.7689
1.7795
1.7901
1.8007
1.8113
1.8219
1.8325
1.8431
1.8537
1.8643
1.8748
1.8854
1.9110
1.9366
1.9622
1.9877
2.0133
2.0389
2.0799
2.1209
2.1619
2.1880
2.2140
2.2401
2.2661
2.2922
2.3047
2.3173
2.3299
2.3424
2.3550
2.3649
2.3748
2.3847
2.3946
2.4003
2.4061
2.4118
2.4176
2.4234
2.4291
2.4349
2.4406
2.4464
2.4521
2.4562
2.4602
2.4642
2.4682
2.4723
2.4763
2.4803
2.4843
2.4884
2.4924
2.4964
2.5004
2.5045
2.5085
2.5125
2.5165
2.5205
2.5246
2.5286
2.5326
2.5366
2.5407
2.5447
2.5487
2.5527
2.5568
2.5608
2.5648
2.5688
2.5729
2.5769
2.5893
2.6017
2.6142
2.6266
2.6390
2.6514
2.6639
2.6763
2.7019
2.7275
2.7531
2.7787
2.8044
2.8159
2.8275
2.8391
2.8506
2.8622
2.8738
2.8853
2.8969
2.9085
2.9200
2.9371
2.9542
2.9713
2.9883
3.0054
3.0225
3.0396
3.0566
3.0771
3.0975
3.1180
3.1384
3.1589
3.1793
3.1905
3.2017
3.2129
3.2241
3.2354
3.2466
3.2578
3.2690
3.2802
3.2914
3.3026
3.3127
3.3228
3.3328
3.3429
3.3530
3.3631
3.3732
3.3833
3.3934
3.4035
3.4149
3.4264
3.4378
3.4492
3.4606
3.4721
3.4835
3.4938
3.5041
3.5143
3.5300
3.5456
3.5612
3.5887
3.6162
3.6437
3.6711
3.6986
3.7361
3.7736
3.8111
3.8486
3.8861
3.9236
3.9611
3.9973
4.0335
4.0697
4.0842
4.0986
4.1130
4.1275
4.1419
4.1564
4.1708
4.1852
4.1895
4.1938
4.1980
4.2023
4.2065
4.2108
4.2151
4.2193
4.2236
4.2279
4.2321
4.2364
4.2407
4.2449
4.2492
4.2534
4.2577
4.2620
4.2662
4.2705
4.2748
4.2790
4.3047
4.3303
4.3560
4.3816
4.4072
4.4286
4.4500
4.4713
4.4927
4.5140
4.5276
4.5411
4.5547
4.5682
4.5819
4.5955
4.6092
4.6228
4.6364
4.6501
4.6637
4.6724
4.6812
4.6899
4.6986
4.7074
4.7161
4.7248
4.7336
4.7423
4.7510
4.7597
4.7685
4.7772
4.7838
4.7905
4.7971
4.8038
4.8104
4.8170
4.8237
4.8303
4.8369
4.8436
4.8502
4.8569
4.8635
4.8701
4.8768
4.8834
4.8900
4.8967
4.9069
4.9170
4.9272
4.9374
4.9475
4.9577
4.9679
4.9781
4.9882
4.9984
5.0086
5.0188
5.0390
5.0592
5.0795
5.0997
5.1200
5.1402
5.1604
5.1830
5.2056
5.2281
5.2507
5.2733
5.2958
5.3140
5.3322
5.3504
5.3686
5.3868
5.4050
5.4232
5.4377
5.4521
5.4666
5.4811
5.4956
5.5100
5.5245
5.5390
5.5535
5.5595
5.5655
5.5716
5.5776
5.5836
5.5897
5.5957
5.6017
5.6078
5.6138
5.6199
5.6259
5.6319
5.6380
5.6440
5.6500
5.6561
5.6709
5.6857
5.7005
5.7153
5.7364
5.7574
5.7785
5.7996
5.8207
5.8535
5.8862
5.9189
5.9516
5.9898
6.0281
6.0663
6.1038
6.1414
6.1789
6.2165
6.2501
6.2836
6.3172
6.3508
6.3713
6.3919
6.4125
6.4330
6.4536
6.4742
6.4826
6.4910
6.4995
6.5079
6.5163
6.5247
6.5332
6.5416
6.5500
6.5584
6.5669
6.5753
6.5837
6.5921
6.6006
6.6232
6.6459
6.6685
6.6912
6.7138
6.7365
6.7562
6.7759
6.7955
6.8152
6.8349
6.8546
6.8683
6.8820
6.8957
6.9094
6.9231
6.9368
6.9505
6.9583
6.9660
6.9738
6.9816
6.9893
6.9971
7.0048
7.0126
7.0203
7.0252
7.0300
7.0349
7.0397
7.0446
7.0494
7.0543
7.0592
7.0640
7.0689
7.0737
7.0786
7.0834
7.0883
7.0931
7.0977
7.1024
7.1070
7.1116
7.1162
7.1209
7.1255
7.1301
7.1347
7.1394
7.1440
7.1486
7.1532
7.1579
7.1625
7.1671
7.1717
7.1764
7.1810
7.1856
7.1902
7.1948
7.1995
7.2041
7.2148
7.2256
7.2363
7.2471
7.2578
7.2685
7.2793
7.2900
7.3008
7.3115
7.3222
7.3330
7.3548
7.3767
7.3986
7.4204
7.4423
7.4641
7.4816
7.4991
7.5166
7.5341
7.5516
7.5691
7.5866
7.6041
7.6105
7.6169
7.6234
7.6298
7.6362
7.6426
7.6491
7.6555
7.6619
7.6683
7.6748
7.6812
7.6876
7.6941
7.7005
7.7069
7.7133
7.7198
7.7262
7.7523
7.7783
7.8044
7.8304
7.8428
7.8552
7.8676
7.8799
7.8923
7.9047
7.9171
7.9295
7.9419
7.9542
7.9635
7.9727
7.9819
7.9912
8.0004
8.0097
8.0189
8.0281
8.0374
8.0466
8.0558
8.0651
8.0755
8.0860
8.0965
8.1069
8.1174
8.1279
8.1473
8.1668
8.1862
8.2057
8.2221
8.2385
8.2549
8.2713
8.2877
8.3041
8.3293
8.3545
8.3797
8.4049
8.4225
8.4400
8.4576
8.4751
8.4927
8.5102
8.5278
8.5443
8.5609
8.5774
8.5940
8.6105
8.6271
8.6436
8.6602
8.6705
8.6808
8.6911
8.7014
8.7117
8.7220
8.7323
8.7426
8.7529
8.7632
8.7735
8.7838
8.7936
8.8034
8.8132
8.8230
8.8327
8.8425
8.8523
8.8621
8.8719
8.8817
8.8915
8.9013
8.9111
8.9208
8.9361
8.9514
8.9667
8.9819
8.9972
9.0125
9.0277
9.0430
9.0718
9.1007
9.1295
9.1584
9.1872
9.2167
9.2461
9.2756
9.3051
9.3319
9.3588
9.3856
9.4125
9.4393
9.4603
9.4812
9.5022
9.5231
9.5440
9.5650
9.5818
9.5987
9.6155
9.6324
9.6493
9.6661
9.6830
9.6998
9.7153
9.7307
9.7462
9.7617
9.7771
9.7926
9.8081
9.8235
9.8327
9.8420
9.8512
9.8605
9.8697
9.8789
9.8882
9.8974
9.9066
9.9159
9.9251
9.9343
9.9436
9.9535
9.9634
9.9734
9.9833
9.9932
10.0031
10.0131
10.0230
10.0329
10.0428
10.0528
10.0627
10.0726
10.0870
10.1015
10.1159
10.1303
10.1447
10.1591
10.1735
10.1880
10.1992
10.2104
10.2217
10.2329
10.2442
10.2554
10.2666
10.2779
10.2909
10.3039
10.3169
10.3299
10.3430
10.3560
10.3690
10.3820
10.3950
10.4101
10.4251
10.4402
10.4552
10.4703
10.4853
10.5003
10.5112
10.5221
10.5329
10.5438
10.5547
10.5656
10.5776
10.5896
10.6017
10.6174
10.6331
10.6488
10.6646
10.6803
10.7060
10.7317
10.7574
10.7831
10.8089
10.8437
10.8786
10.9134
10.9483
10.9652
10.9821
10.9990
11.0158
11.0327
11.0496
11.0665
11.0760
11.0855
11.0950
11.1045
11.1140
11.1235
11.1330
11.1425
11.1520
11.1615
11.1710
11.1826
11.1941
11.2057
11.2172
11.2288
11.2403
11.2519
11.2634
11.2750
11.2865
11.2981
11.3151
11.3320
11.3490
11.3659
11.3828
11.3998
11.4189
11.4380
11.4571
11.4761
11.4954
11.5146
11.5338
11.5531
11.5723
11.5915
11.6108
11.6312
11.6517
11.6721
11.6926
11.7130
11.7335
11.7587
11.7839
11.8090
11.8342
11.8594
11.8852
11.9109
11.9367
11.9624
11.9882
12.0172
12.0462
12.0752
12.1042
12.1473
12.1904
12.2336
12.2520
12.2705
12.2890
12.3074
12.3259
12.3444
12.3628
12.3800
12.3972
12.4143
12.4315
12.4487
12.4659
12.4830
12.4925
12.5021
12.5116
12.5211
12.5306
12.5401
12.5496
12.5591
12.5687
12.5782
12.5877
12.5972
12.6067
12.6135
12.6202
12.6270
12.6337
12.6405
12.6472
12.6540
12.6607
12.6674
12.6742
12.6809
12.6877
12.6944
12.7012
12.7079
12.7147
12.7214
12.7282
12.7370
12.7459
12.7548
12.7636
12.7725
12.7813
12.7902
12.7990
12.8079
12.8167
12.8256
12.8345
12.8433
12.8534
12.8636
12.8737
12.8838
12.8939
12.9040
12.9142
12.9243
12.9344
12.9445
12.9546
12.9648
12.9739
12.9831
12.9923
13.0015
13.0107
13.0199
13.0291
13.0420
13.0549
13.0678
13.0807
13.0936
13.1066
13.1195
13.1324
13.1453
13.1590
13.1728
13.1865
13.2003
13.2140
13.2278
13.2415
13.2552
13.2690
13.2874
13.3057
13.3241
13.3425
13.3609
13.3792
13.3846
13.3900
13.3954
13.4008
13.4062
13.4116
13.4170
13.4224
13.4278
13.4332
13.4386
13.4440
13.4494
13.4548
13.4602
13.4656
13.4710
13.4764
13.4818
13.4871
13.4925
13.4980
13.5034
13.5088
13.5143
13.5197
13.5251
13.5306
13.5360
13.5414
13.5469
13.5523
13.5577
13.5632
13.5686
13.5740
13.5838
13.5936
13.6034
13.6131
13.6229
13.6327
13.6425
13.6554
13.6684
13.6814
13.6943
13.7073
13.7203
13.7332
13.7462
13.7492
13.7522
13.7552
13.7581
13.7611
13.7641
13.7671
13.7701
13.7731
13.7760
13.7790
13.7820
13.7850
13.7880
13.7909
13.7939
13.7969
13.7999
13.8029
13.8059
13.8088
13.8118
13.8148
13.8178
13.8208
13.8237
13.8267
13.8297
13.8327
13.8357
13.8387
13.8416
13.8446
13.8476
13.8506
13.8607
13.8709
13.8810
13.8912
13.9013
13.9115
13.9216
13.9318
13.9420
13.9521
13.9623
13.9724
13.9828
13.9932
14.0036
14.0140
14.0244
14.0348
14.0452
14.0556
14.0660
14.0763
14.0867
14.0971
14.1083
14.1195
14.1307
14.1419
14.1531
14.1643
14.1754
14.1866
14.1978
14.2090
14.2202
14.2341
14.2480
14.2619
14.2758
14.2897
14.3036
14.3175
14.3315
14.3454
14.3657
14.3861
14.4064
14.4268
14.4472
14.4675
14.4812
14.4950
14.5087
14.5224
14.5361
14.5499
14.5636
14.5773
14.5910
14.6016
14.6121
14.6227
14.6332
14.6438
14.6543
14.6649
14.6754
14.6860
14.6966
14.7168
14.7371
14.7573
14.7776
14.7978
14.8181
14.8483
14.8785
14.9088
14.9390
14.9477
14.9565
14.9652
14.9739
14.9827
14.9914
15.0002
15.0089
15.0177
15.0264
15.0351
15.0439
15.0526
15.0614
15.0717
15.0820
15.0923
15.1025
15.1128
15.1231
15.1334
15.1437
15.1540
15.1643
15.1746
15.1837
15.1928
15.2019
15.2110
15.2201
15.2292
15.2383
15.2474
15.2565
15.2656
15.2747
15.2876
15.3005
15.3134
15.3262
15.3391
15.3520
15.3649
15.3874
15.4100
15.4326
15.4552
15.4778
15.5004
15.5190
15.5377
15.5563
15.5750
15.5936
15.6123
15.6309
15.6531
15.6752
15.6973
15.7194
15.7415
15.7637
15.7900
15.8162
15.8425
15.8688
15.8946
15.9205
15.9463
15.9721
15.9980
16.0154
16.0329
16.0503
16.0678
16.0852
16.1026
16.1201
16.1298
16.1396
16.1493
16.1591
16.1688
16.1786
16.1883
16.1981
16.2078
16.2175
16.2273
16.2370
16.2469
16.2567
16.2665
16.2764
16.2862
16.2961
16.3059
16.3157
16.3256
16.3354
16.3452
16.3551
16.3649
16.3775
16.3901
16.4026
16.4152
16.4278
16.4403
16.4529
16.4655
16.4781
16.4906
16.5034
16.5162
16.5290
16.5417
16.5545
16.5673
16.5801
16.5928
16.6056
16.6283
16.6509
16.6736
16.6963
16.7189
16.7416
16.7593
16.7771
16.7948
16.8126
16.8252
16.8379
16.8362
16.8346
16.8500
16.8654
16.8809
16.8989
16.9168
16.9348
16.9528
16.9708
16.9888
17.0057
17.0226
17.0395
17.0564
17.0734
17.0903
17.1072
17.1175
17.1279
17.1383
17.1486
17.1590
17.1694
17.1797
17.1901
17.2005
17.2108
17.2212
17.2316
17.2419
17.2565
17.2710
17.2856
17.3002
17.3147
17.3293
17.3438
17.3584
17.3691
17.3797
17.3904
17.4011
17.4117
17.4224
17.4331
17.4438
17.4544
17.4651
17.4758
17.4865
17.4996
17.5127
17.5258
17.5389
17.5520
17.5651
17.5782
17.5913
17.6044
17.6175
17.6486
17.6798
17.7110
17.7421
17.7606
17.7790
17.7974
17.8158
17.8342
17.8526
17.8628
17.8729
17.8831
17.8932
17.9034
17.9135
17.9236
17.9338
17.9439
17.9541
17.9642
17.9744
17.9845
18.0023
18.0200
18.0378
18.0556
18.0733
18.0911
18.1004
18.1096
18.1189
18.1282
18.1375
18.1468
18.1441
18.1431
18.1420
18.1458
18.1496
18.1534
18.1572
18.1637
18.1702
18.1768
18.1833
18.1898
18.1963
18.2028
18.2093
18.2159
18.2224
18.2289
18.2324
18.2360
18.2395
18.2431
18.2466
18.2501
18.2537
18.2572
18.2608
18.2643
18.2678
18.2714
18.2749
18.2785
18.2820
18.2855
18.3126
18.3397
18.3668
18.3939
18.4393
18.4847
18.5104
18.5361
18.5619
18.5876
18.6133
18.6103
18.6072
18.6041
18.6010
18.5980
18.5949
18.5918
18.5888
18.5857
18.5826
18.5839
18.5852
18.5865
18.5997
18.6128
18.6260
18.6392
18.6524
18.6655
18.6787
18.6919
18.7050
18.7182
18.7404
18.7626
18.7848
18.8070
18.8293
18.8515
18.8721
18.8928
18.9134
18.9341
18.9547
18.9754
18.9905
19.0055
19.0206
19.0357
19.0508
19.0659
19.0810
19.0961
19.1178
19.1396
19.1613
19.1831
19.2048
19.2266
19.2582
19.2898
19.3214
19.3531
19.3841
19.4150
19.4460
19.4770
19.4957
19.5143
19.5330
19.5517
19.5703
19.5890
19.6077
19.6278
19.6480
19.6681
19.6883
19.7085
19.7286
19.7488
19.7857
19.8226
19.8595
19.8964
19.9204
19.9443
19.9683
19.9922
20.0162
20.0270
20.0378
20.0486
20.0594
20.0702
20.0810
20.0918
20.1026
20.1135
20.1438
20.1741
20.2044
20.2238
20.2432
20.2626
20.2820
20.3014
20.3208
20.3308
20.3407
20.3507
20.3606
20.3705
20.3805
20.3904
20.4004
20.4103
20.4202
20.4302
20.4431
20.4560
20.4689
20.4818
20.4947
20.5076
20.5205
20.5335
20.5372
20.5409
20.5446
20.5483
20.5521
20.5558
20.5595
20.5632
20.5670
20.5707
20.5744
20.5781
20.5826
20.5870
20.5915
20.5959
20.6004
20.6049
20.6093
20.6138
20.6310
20.6482
20.6655
20.6827
20.7000
20.7172
20.7344
20.7721
20.8097
20.8473
20.8849
20.9287
20.9725
21.0163
21.0398
21.0634
21.0869
21.1104
21.1340
21.1575
21.1959
21.2343
21.2728
21.3043
21.3359
21.3675
21.3990
21.4240
21.4489
21.4739
21.4988
21.5238
21.5399
21.5561
21.5722
21.5884
21.6045
21.6207
21.6427
21.6646
21.6866
21.7086
21.7305
21.7549
21.7793
21.8037
21.8281
21.8543
21.8805
21.9067
21.9330
21.9592
21.9854
22.0264
22.0675
22.1086
22.1273
22.1460
22.1647
22.1834
22.2021
22.2207
22.2286
22.2364
22.2442
22.2521
22.2599
22.2677
22.2756
22.2834
22.3091
22.3348
22.3604
22.3861
22.4118
22.4437
22.4755
22.5074
22.5392
22.5662
22.5932
22.6202
22.6472
22.6742
22.6951
22.7160
22.7369
22.7577
22.7786
22.7926
22.8066
22.8206
22.8346
22.8486
22.8626
22.8766
22.8914
22.9061
22.9209
22.9356
22.9504
22.9651
22.9799
22.9946
23.0195
23.0444
23.0694
23.0943
23.1192
23.1428
23.1665
23.1901
23.2138
23.2374
23.2549
23.2724
23.2898
23.3073
23.3248
23.3530
23.3812
23.4095
23.4307
23.4520
23.4733
23.4946
23.5158
23.5371
23.5550
23.5728
23.5907
23.6085
23.6264
23.6443
23.6600
23.6756
23.6913
23.7070
23.7227
23.7384
23.7517
23.7651
23.7785
23.7918
23.8044
23.8169
23.8295
23.8446
23.8597
23.8748
23.8900
23.9051
23.9162
23.9273
23.9384
23.9494
23.9605
23.9716
23.9827
23.9938
24.0049
24.0160
24.0271
24.0376
24.0481
24.0587
24.0692
24.0798
24.0903
24.1008
24.1114
24.1219
24.1324
24.1484
24.1644
24.1804
24.1964
24.2124
24.2284
24.2488
24.2692
24.2896
24.3100
24.3304
24.3508
24.3691
24.3874
24.4057
24.4240
24.4423
24.4606
24.4789
24.4901
24.5013
24.5125
24.5237
24.5349
24.5461
24.5573
24.5685
24.5857
24.6029
24.6201
24.6373
24.6546
24.6718
24.6890
24.7152
24.7415
24.7677
24.7940
24.8152
24.8364
24.8576
24.8789
24.9001
24.9213
24.9321
24.9428
24.9536
24.9643
24.9751
24.9870
24.9990
25.0110
25.0230
25.0349
25.0469
25.0589
25.0709
25.0828
25.0948
25.1073
25.1198
25.1323
25.1448
25.1573
25.1698
25.1823
25.1948
25.2073
25.2198
25.2294
25.2390
25.2486
25.2583
25.2679
25.2775
25.2871
25.2968
25.3064
25.3160
25.3256
25.3353
25.3449
25.3568
25.3687
25.3806
25.3925
25.4044
25.4163
25.4282
25.4401
25.4520
25.4637
25.4753
25.4869
25.4986
25.5102
25.5219
25.5335
25.5451
25.5568
25.5684
25.5800
25.5916
25.6031
25.6147
25.6262
25.6378
25.6493
25.6631
25.6769
25.6908
25.7046
25.7184
25.7470
25.7756
25.8041
25.8327
25.8637
25.8948
25.9258
25.9568
25.9743
25.9918
26.0093
26.0268
26.0444
26.0619
26.0770
26.0921
26.1072
26.1224
26.1375
26.1526
26.1678
26.1829
26.1980
26.2166
26.2353
26.2539
26.2726
26.2912
26.3098
26.3182
26.3266
26.3349
26.3433
26.3516
26.3600
26.3684
26.3767
26.3851
26.3934
26.4018
26.4250
26.4483
26.4716
26.4948
26.5181
26.5413
26.5528
26.5643
26.5758
26.5872
26.5987
26.6102
26.6216
26.6331
26.6446
26.6560
26.6675
26.6818
26.6961
26.7104
26.7247
26.7390
26.7533
26.7675
26.7818
26.7961
26.8089
26.8217
26.8346
26.8474
26.8602
26.8730
26.8858
26.9013
26.9168
26.9323
26.9478
26.9634
26.9789
26.9919
27.0049
27.0180
27.0310
27.0440
27.0571
27.0701
27.0832
27.0962
27.1174
27.1386
27.1597
27.1809
27.2021
27.2180
27.2339
27.2498
27.2657
27.2816
27.2975
27.3134
27.3207
27.3280
27.3354
27.3427
27.3500
27.3573
27.3647
27.3720
27.3793
27.3867
27.3940
27.4013
27.4086
27.4160
27.4233
27.4306
27.4380
27.4453
27.4526
27.5055
27.5583
27.6112
27.6602
27.7092
27.7583
27.7720
27.7858
27.7995
27.8133
27.8270
27.8408
27.8546
27.8683
27.8821
27.8918
27.9016
27.9114
27.9211
27.9309
27.9407
27.9505
27.9602
27.9700
27.9798
27.9905
28.0011
28.0118
28.0225
28.0332
28.0439
28.0546
28.0652
28.0759
28.0866
28.0973
28.1371
28.1769
28.2167
28.2534
28.2901
28.3269
28.3367
28.3466
28.3565
28.3664
28.3762
28.3861
28.3960
28.4059
28.4158
28.4256
28.4355
28.4454
28.4553
28.4818
28.5084
28.5350
28.5615
28.5881
28.6178
28.6475
28.6773
28.7070
28.7367
28.7736
28.8105
28.8474
28.8843
28.9170
28.9497
28.9824
29.0151
29.0413
29.0675
29.0937
29.1198
29.1380
29.1561
29.1743
29.1924
29.2106
29.2287
29.2408
29.2529
29.2651
29.2772
29.2893
29.3014
29.3135
29.3256
29.3377
29.3404
29.3430
29.3457
29.3483
29.3510
29.3536
29.3563
29.3589
29.3615
29.3642
29.3668
29.3695
29.3721
29.3748
29.3774
29.3801
29.3827
29.3834
29.3790
29.4003
29.3879
