0.3592 0.3034
0.3592 0.3034
0.3592 0.3034
0.0998 0.0065
0.0998 0.0065
0.0998 0.0065
0.0998 0.0065
0.0998 0.0065
0.0998 0.0065
0.0998 0.0065
0.0998 0.0065
0.0998 0.0065
0.0998 0.0065
0.0998 0.0065
0.0998 0.0065
0.0812 -0.0981
0.0812 -0.0981
0.0812 -0.0981
0.0812 -0.0981
0.0812 -0.0981
0.0812 -0.0981
0.0812 -0.0981
0.0812 -0.0981
0.0812 -0.0981
0.0812 -0.0981
0.0721 -0.0889
0.0721 -0.0889
0.0721 -0.0889
0.0721 -0.0889
0.0721 -0.0889
0.0721 -0.0889
0.0721 -0.0889
0.0721 -0.0889
0.0721 -0.0889
0.0721 -0.0889
0.0721 -0.0889
0.1397 -0.0848
0.1397 -0.0848
0.1397 -0.0848
0.1397 -0.0848
0.1397 -0.0848
0.1397 -0.0848
0.1397 -0.0848
0.1397 -0.0848
0.1514 0.0052
0.1514 0.0052
0.1514 0.0052
0.1514 0.0052
0.1514 0.0052
0.1514 0.0052
0.1514 0.0052
0.1514 0.0052
0.0778 0.0043
0.0778 0.0043
0.0778 0.0043
0.0778 0.0043
0.0778 0.0043
0.0778 0.0043
0.0778 0.0043
0.0778 0.0043
0.0778 0.0043
0.0778 0.0043
0.0778 0.0043
0.0778 0.0043
0.0778 0.0043
0.0778 0.0043
0.0778 0.0043
0.0778 0.0043
0.1694 0.0286
0.1694 0.0286
0.1694 0.0286
0.1694 0.0286
0.1694 0.0286
0.1694 0.0286
0.1694 0.0286
0.1694 0.0286
0.1693 -0.0364
0.1693 -0.0364
0.1693 -0.0364
0.1693 -0.0364
0.1693 -0.0364
0.1693 -0.0364
0.1693 -0.0364
0.1033 -0.0507
0.1033 -0.0507
0.1033 -0.0507
0.1033 -0.0507
0.1033 -0.0507
0.1033 -0.0507
0.1033 -0.0507
0.1033 -0.0507
0.1033 -0.0507
0.1033 -0.0507
0.1033 -0.0507
0.1593 -0.0511
0.1593 -0.0511
0.1593 -0.0511
0.1593 -0.0511
0.1593 -0.0511
0.1593 -0.0511
0.1593 -0.0511
0.1593 -0.0511
0.1254 0.0505
0.1254 0.0505
0.1254 0.0505
0.1254 0.0505
0.1254 0.0505
0.1254 0.0505
0.1254 0.0505
0.1254 0.0505
0.1254 0.0505
0.0700 0.0788
0.0700 0.0788
0.0700 0.0788
0.0700 0.0788
0.0700 0.0788
0.0700 0.0788
0.0700 0.0788
0.0700 0.0788
0.0700 0.0788
0.0700 0.0788
0.0700 0.0788
0.0700 0.0788
0.1476 -0.1820
0.1476 -0.1820
0.1476 -0.1820
0.1476 -0.1820
0.1476 -0.1820
0.1476 -0.1820
0.2857 -0.1297
0.2857 -0.1297
0.2857 -0.1297
0.2857 -0.1297
0.1840 0.0327
0.1840 0.0327
0.1840 0.0327
0.1840 0.0327
0.1840 0.0327
0.1840 0.0327
0.1840 0.0327
0.1059 -0.0374
0.1059 -0.0374
0.1059 -0.0374
0.1059 -0.0374
0.1059 -0.0374
0.1059 -0.0374
0.1059 -0.0374
0.1059 -0.0374
0.1059 -0.0374
0.1059 -0.0374
0.1059 -0.0374
0.2558 -0.0555
0.2558 -0.0555
0.2558 -0.0555
0.2558 -0.0555
0.2558 -0.0555
0.2558 -0.0555
0.4100 -0.0675
0.4100 -0.0675
0.4100 -0.0675
0.2605 -0.0631
0.2605 -0.0631
0.2605 -0.0631
0.2605 -0.0631
0.2605 -0.0631
0.1256 0.2186
0.1256 0.2186
0.1256 0.2186
0.1256 0.2186
0.1256 0.2186
0.0989 0.3479
0.0989 0.3479
0.0989 0.3479
0.0989 0.3479
0.0576 0.1094
0.0576 0.1094
0.0576 0.1094
0.0576 0.1094
0.0576 0.1094
0.0576 0.1094
0.0576 0.1094
0.0576 0.1094
0.0576 0.1094
0.0576 0.1094
0.0402 -0.0015
0.0402 -0.0015
0.0402 -0.0015
0.0402 -0.0015
0.0402 -0.0015
0.0402 -0.0015
0.0402 -0.0015
0.0402 -0.0015
0.0402 -0.0015
0.0402 -0.0015
0.0402 -0.0015
0.0402 -0.0015
0.0402 -0.0015
0.0402 -0.0015
0.0402 -0.0015
0.0402 -0.0015
0.0402 -0.0015
0.0402 -0.0015
0.0402 -0.0015
0.0402 -0.0015
0.0402 -0.0015
0.0402 -0.0015
0.0402 -0.0015
0.0402 -0.0015
0.0402 -0.0015
0.0402 -0.0015
0.0402 -0.0015
0.0402 -0.0015
0.0402 -0.0015
0.0402 -0.0015
0.0402 -0.0015
0.1243 -0.1109
0.1243 -0.1109
0.1243 -0.1109
0.1243 -0.1109
0.1243 -0.1109
0.1243 -0.1109
0.1243 -0.1109
0.1243 -0.1109
0.2561 0.0131
0.2561 0.0131
0.2561 0.0131
0.2561 0.0131
0.2561 0.0131
0.1157 -0.0591
0.1157 -0.0591
0.1157 -0.0591
0.1157 -0.0591
0.1157 -0.0591
0.1157 -0.0591
0.1157 -0.0591
0.1157 -0.0591
0.1157 -0.0591
0.1157 -0.0591
0.1708 0.0235
0.1708 0.0235
0.1708 0.0235
0.1708 0.0235
0.1708 0.0235
0.1708 0.0235
0.1708 0.0235
0.1708 0.0235
0.2045 0.0877
0.2045 0.0877
0.2045 0.0877
0.2045 0.0877
0.2045 0.0877
0.2045 0.0877
0.1120 -0.0141
0.1120 -0.0141
0.1120 -0.0141
0.1120 -0.0141
0.1120 -0.0141
0.1120 -0.0141
0.1120 -0.0141
0.1120 -0.0141
0.1120 -0.0141
0.1120 -0.0141
0.1120 -0.0141
0.1009 -0.0706
0.1009 -0.0706
0.1009 -0.0706
0.1009 -0.0706
0.1009 -0.0706
0.1009 -0.0706
0.1009 -0.0706
0.1009 -0.0706
0.1009 -0.0706
0.1009 -0.0706
0.1143 -0.1647
0.1143 -0.1647
0.1143 -0.1647
0.1143 -0.1647
0.1143 -0.1647
0.1143 -0.1647
0.1143 -0.1647
0.1028 -0.5284
0.1028 -0.5284
0.1028 -0.5284
0.1562 -0.5012
0.1562 -0.5012
0.1562 -0.5012
0.2748 -0.0641
0.2748 -0.0641
0.2748 -0.0641
0.2748 -0.0641
0.2748 -0.0641
0.3749 -0.0838
0.3749 -0.0838
0.3749 -0.0838
0.3749 -0.0838
0.3749 -0.3109
0.3749 -0.3109
0.3749 -0.3109
0.3622 -0.1741
0.3622 -0.1741
0.3622 -0.1741
0.1444 -0.0684
0.1444 -0.0684
0.1444 -0.0684
0.1444 -0.0684
0.1444 -0.0684
0.1444 -0.0684
0.1444 -0.0684
0.1444 -0.0684
0.0426 -0.0457
0.0426 -0.0457
0.0426 -0.0457
0.0426 -0.0457
0.0426 -0.0457
0.0426 -0.0457
0.0426 -0.0457
0.0426 -0.0457
0.0426 -0.0457
0.0426 -0.0457
0.0426 -0.0457
0.0426 -0.0457
0.0426 -0.0457
0.0426 -0.0457
0.0426 -0.0457
0.0426 -0.0457
0.0426 -0.0457
0.0426 -0.0457
0.0426 -0.0457
0.0426 -0.0457
0.0426 -0.0457
0.0426 -0.0457
0.2564 -0.1579
0.2564 -0.1579
0.2564 -0.1579
0.2564 -0.1579
0.2564 -0.1579
0.2135 -0.2050
0.2135 -0.2050
0.2135 -0.2050
0.2135 -0.2050
0.2135 -0.2050
0.1356 -0.2720
0.1356 -0.2720
0.1356 -0.2720
0.1356 -0.2720
0.1364 -0.1134
0.1364 -0.1134
0.1364 -0.1134
0.1364 -0.1134
0.1364 -0.1134
0.1364 -0.1134
0.1364 -0.1134
0.0873 -0.0375
0.0873 -0.0375
0.0873 -0.0375
0.0873 -0.0375
0.0873 -0.0375
0.0873 -0.0375
0.0873 -0.0375
0.0873 -0.0375
0.0873 -0.0375
0.0873 -0.0375
0.0873 -0.0375
0.0873 -0.0375
0.0873 -0.0375
0.0664 0.0221
0.0664 0.0221
0.0664 0.0221
0.0664 0.0221
0.0664 0.0221
0.0664 0.0221
0.0664 0.0221
0.0664 0.0221
0.0664 0.0221
0.0664 0.0221
0.0664 0.0221
0.0664 0.0221
0.0664 0.0221
0.0664 0.0221
0.0664 0.0221
0.0664 0.0221
0.0664 0.0221
0.0664 0.0221
0.1017 0.0234
0.1017 0.0234
0.1017 0.0234
0.1017 0.0234
0.1017 0.0234
0.1017 0.0234
0.1017 0.0234
0.1017 0.0234
0.1017 0.0234
0.1017 0.0234
0.1017 0.0234
0.1017 0.0234
0.2024 0.0625
0.2024 0.0625
0.2024 0.0625
0.2024 0.0625
0.2024 0.0625
0.2024 0.0625
0.2024 0.0625
0.2256 0.0106
0.2256 0.0106
0.2256 0.0106
0.2256 0.0106
0.2256 0.0106
0.2256 0.0106
0.1820 -0.0222
0.1820 -0.0222
0.1820 -0.0222
0.1820 -0.0222
0.1820 -0.0222
0.1820 -0.0222
0.1820 -0.0222
0.1447 -0.0032
0.1447 -0.0032
0.1447 -0.0032
0.1447 -0.0032
0.1447 -0.0032
0.1447 -0.0032
0.1447 -0.0032
0.1447 -0.0032
0.1447 -0.0032
0.0604 -0.0670
0.0604 -0.0670
0.0604 -0.0670
0.0604 -0.0670
0.0604 -0.0670
0.0604 -0.0670
0.0604 -0.0670
0.0604 -0.0670
0.0604 -0.0670
0.0604 -0.0670
0.0604 -0.0670
0.0604 -0.0670
0.0604 -0.0670
0.0604 -0.0670
0.0604 -0.0670
0.0604 -0.0670
0.0604 -0.0670
0.1480 -0.3117
0.1480 -0.3117
0.1480 -0.3117
0.1480 -0.3117
0.2109 -0.1859
0.2109 -0.1859
0.2109 -0.1859
0.2109 -0.1859
0.2109 -0.1859
0.3272 -0.1904
0.3272 -0.1904
0.3272 -0.1904
0.3272 -0.1904
0.3823 -0.1530
0.3823 -0.1530
0.3823 -0.1530
0.3755 -0.1281
0.3755 -0.1281
0.3755 -0.1281
0.3755 -0.1281
0.3356 -0.0928
0.3356 -0.0928
0.3356 -0.0928
0.3356 -0.0928
0.2057 -0.0549
0.2057 -0.0549
0.2057 -0.0549
0.2057 -0.0549
0.2057 -0.0549
0.2057 -0.0549
0.0842 0.0129
0.0842 0.0129
0.0842 0.0129
0.0842 0.0129
0.0842 0.0129
0.0842 0.0129
0.0842 0.0129
0.0842 0.0129
0.0842 0.0129
0.0842 0.0129
0.0842 0.0129
0.0842 0.0129
0.0842 0.0129
0.0842 0.0129
0.0842 0.0129
0.2266 0.0488
0.2266 0.0488
0.2266 0.0488
0.2266 0.0488
0.2266 0.0488
0.2266 0.0488
0.1968 0.0732
0.1968 0.0732
0.1968 0.0732
0.1968 0.0732
0.1968 0.0732
0.1968 0.0732
0.1371 0.1155
0.1371 0.1155
0.1371 0.1155
0.1371 0.1155
0.1371 0.1155
0.1371 0.1155
0.1371 0.1155
0.0776 0.1244
0.0776 0.1244
0.0776 0.1244
0.0776 0.1244
0.0776 0.1244
0.0776 0.1244
0.0776 0.1244
0.0776 0.1244
0.0776 0.1244
0.0485 0.0648
0.0485 0.0648
0.0485 0.0648
0.0485 0.0648
0.0485 0.0648
0.0485 0.0648
0.0485 0.0648
0.0485 0.0648
0.0485 0.0648
0.0485 0.0648
0.0485 0.0648
0.0485 0.0648
0.0485 0.0648
0.0485 0.0648
0.0485 0.0648
0.0462 0.0239
0.0462 0.0239
0.0462 0.0239
0.0462 0.0239
0.0462 0.0239
0.0462 0.0239
0.0462 0.0239
0.0462 0.0239
0.0462 0.0239
0.0462 0.0239
0.0462 0.0239
0.0462 0.0239
0.0462 0.0239
0.0462 0.0239
0.0462 0.0239
0.0462 0.0239
0.0462 0.0239
0.0462 0.0239
0.0462 0.0239
0.0462 0.0239
0.0462 0.0239
0.0462 0.0239
0.0462 0.0239
0.0462 0.0239
0.1074 0.0030
0.1074 0.0030
0.1074 0.0030
0.1074 0.0030
0.1074 0.0030
0.1074 0.0030
0.1074 0.0030
0.1074 0.0030
0.1074 0.0030
0.1074 0.0030
0.1074 0.0030
0.1074 0.0030
0.2186 0.0848
0.2186 0.0848
0.2186 0.0848
0.2186 0.0848
0.2186 0.0848
0.2186 0.0848
0.1749 -0.0303
0.1749 -0.0303
0.1749 -0.0303
0.1749 -0.0303
0.1749 -0.0303
0.1749 -0.0303
0.1749 -0.0303
0.1749 -0.0303
0.0643 -0.0269
0.0643 -0.0269
0.0643 -0.0269
0.0643 -0.0269
0.0643 -0.0269
0.0643 -0.0269
0.0643 -0.0269
0.0643 -0.0269
0.0643 -0.0269
0.0643 -0.0269
0.0643 -0.0269
0.0643 -0.0269
0.0643 -0.0269
0.0643 -0.0269
0.0643 -0.0269
0.0643 -0.0269
0.0643 -0.0269
0.0643 -0.0269
0.0643 -0.0269
0.2606 -0.2288
0.2606 -0.2288
0.2606 -0.2288
0.2606 -0.2288
0.1238 0.0415
0.1238 0.0415
0.1238 0.0415
0.1238 0.0415
0.1238 0.0415
0.1238 0.0415
0.1238 0.0415
0.1238 0.0415
0.1238 0.0415
0.1238 0.0415
0.0924 0.0429
0.0924 0.0429
0.0924 0.0429
0.0924 0.0429
0.0924 0.0429
0.0924 0.0429
0.0924 0.0429
0.0924 0.0429
0.0924 0.0429
0.0924 0.0429
0.0924 0.0429
0.0924 0.0429
0.1046 -0.2262
0.1046 -0.2262
0.1046 -0.2262
0.1046 -0.2262
0.1046 -0.2262
0.1046 -0.2262
0.1946 -0.2835
0.1946 -0.2835
0.1946 -0.2835
0.1946 -0.2835
0.1640 -0.1333
0.1640 -0.1333
0.1640 -0.1333
0.1640 -0.1333
0.1640 -0.1333
0.1640 -0.1333
0.2522 -0.2189
0.2522 -0.2189
0.2522 -0.2189
0.2522 -0.2189
0.1755 0.0291
0.1755 0.0291
0.1755 0.0291
0.1755 0.0291
0.1755 0.0291
0.1755 0.0291
0.1755 0.0291
0.1655 0.0223
0.1655 0.0223
0.1655 0.0223
0.1655 0.0223
0.1655 0.0223
0.1655 0.0223
0.1655 0.0223
0.1655 0.0223
0.1030 -0.0269
0.1030 -0.0269
0.1030 -0.0269
0.1030 -0.0269
0.1030 -0.0269
0.1030 -0.0269
0.1030 -0.0269
0.1030 -0.0269
0.1030 -0.0269
0.1030 -0.0269
0.1030 -0.0269
0.1030 -0.0269
0.0979 0.0163
0.0979 0.0163
0.0979 0.0163
0.0979 0.0163
0.0979 0.0163
0.0979 0.0163
0.0979 0.0163
0.0979 0.0163
0.0979 0.0163
0.0979 0.0163
0.0979 0.0163
0.0979 0.0163
0.0979 0.0163
0.0979 0.0163
0.1527 -0.0227
0.1527 -0.0227
0.1527 -0.0227
0.1527 -0.0227
0.1527 -0.0227
0.1527 -0.0227
0.1527 -0.0227
0.1527 -0.0227
0.2884 -0.0841
0.2884 -0.0841
0.2884 -0.0841
0.2884 -0.0841
0.2884 -0.0841
0.2946 -0.1339
0.2946 -0.1339
0.2946 -0.1339
0.2946 -0.1339
0.2685 -0.1240
0.2685 -0.1240
0.2685 -0.1240
0.2685 -0.1240
0.2685 -0.1240
0.2094 -0.0643
0.2094 -0.0643
0.2094 -0.0643
0.2094 -0.0643
0.2094 -0.0643
0.2094 -0.0643
0.1685 0.0449
0.1685 0.0449
0.1685 0.0449
0.1685 0.0449
0.1685 0.0449
0.1685 0.0449
0.1685 0.0449
0.1685 0.0449
0.1546 0.0213
0.1546 0.0213
0.1546 0.0213
0.1546 0.0213
0.1546 0.0213
0.1546 0.0213
0.1546 0.0213
0.1546 0.0213
0.0924 0.0031
0.0924 0.0031
0.0924 0.0031
0.0924 0.0031
0.0924 0.0031
0.0924 0.0031
0.0924 0.0031
0.0924 0.0031
0.0924 0.0031
0.0924 0.0031
0.0924 0.0031
0.0924 0.0031
0.0924 0.0031
0.0993 -0.0090
0.0993 -0.0090
0.0993 -0.0090
0.0993 -0.0090
0.0993 -0.0090
0.0993 -0.0090
0.0993 -0.0090
0.0993 -0.0090
0.0993 -0.0090
0.0993 -0.0090
0.0993 -0.0090
0.0993 -0.0090
0.0993 -0.0090
0.1442 -0.1076
0.1442 -0.1076
0.1442 -0.1076
0.1442 -0.1076
0.1442 -0.1076
0.1442 -0.1076
0.1442 -0.1076
0.1442 -0.1076
0.1124 -0.1025
0.1124 -0.1025
0.1124 -0.1025
0.1124 -0.1025
0.1124 -0.1025
0.1124 -0.1025
0.1124 -0.1025
0.1124 -0.1025
0.1302 -0.0732
0.1302 -0.0732
0.1302 -0.0732
0.1302 -0.0732
0.1302 -0.0732
0.1302 -0.0732
0.1302 -0.0732
0.1302 -0.0732
0.1302 -0.0732
0.1505 -0.0940
0.1505 -0.0940
0.1505 -0.0940
0.1505 -0.0940
0.1505 -0.0940
0.1505 -0.0940
0.1505 -0.0940
0.1087 -0.2358
0.1087 -0.2358
0.1087 -0.2358
0.1087 -0.2358
0.1087 -0.2358
0.1087 -0.2358
0.1203 -0.4517
0.1203 -0.4517
0.1203 -0.4517
0.1573 -0.2057
0.1573 -0.2057
0.1573 -0.2057
0.1573 -0.2057
0.1573 -0.2057
0.2571 0.0431
0.2571 0.0431
0.2571 0.0431
0.2571 0.0431
0.2571 0.0431
0.3486 0.1432
0.3486 0.1432
0.3486 0.1432
0.3486 0.1432
0.1689 0.0383
0.1689 0.0383
0.1689 0.0383
0.1689 0.0383
0.1689 0.0383
0.1689 0.0383
0.1689 0.0383
0.0950 0.0621
0.0950 0.0621
0.0950 0.0621
0.0950 0.0621
0.0950 0.0621
0.0950 0.0621
0.0950 0.0621
0.0950 0.0621
0.0950 0.0621
0.0950 0.0621
0.0950 0.0621
0.1155 -0.0340
0.1155 -0.0340
0.1155 -0.0340
0.1155 -0.0340
0.1155 -0.0340
0.1155 -0.0340
0.1155 -0.0340
0.1155 -0.0340
0.1155 -0.0340
0.1155 -0.0340
0.1155 -0.0340
0.1695 -0.1143
0.1695 -0.1143
0.1695 -0.1143
0.1695 -0.1143
0.1695 -0.1143
0.1695 -0.1143
0.1909 -0.2367
0.1909 -0.2367
0.1909 -0.2367
0.1909 -0.2367
0.1923 -0.0444
0.1923 -0.0444
0.1923 -0.0444
0.1923 -0.0444
0.1923 -0.0444
0.1923 -0.0444
0.1923 -0.0444
0.2045 0.0960
0.2045 0.0960
0.2045 0.0960
0.2045 0.0960
0.2045 0.0960
0.2045 0.0960
0.2518 0.0910
0.2518 0.0910
0.2518 0.0910
0.2518 0.0910
0.2518 0.0910
0.2575 -0.0555
0.2575 -0.0555
0.2575 -0.0555
0.2575 -0.0555
0.2575 -0.0555
0.2900 -0.2044
0.2900 -0.2044
0.2900 -0.2044
0.2900 -0.2044
0.4314 -0.2184
0.4314 -0.2184
0.4314 -0.2184
0.1846 -0.0939
0.1846 -0.0939
0.1846 -0.0939
0.1846 -0.0939
0.1846 -0.0939
0.1846 -0.0939
0.1846 -0.0939
0.1717 -0.0513
0.1717 -0.0513
0.1717 -0.0513
0.1717 -0.0513
0.1717 -0.0513
0.1717 -0.0513
0.1717 -0.0513
0.0951 -0.0235
0.0951 -0.0235
0.0951 -0.0235
0.0951 -0.0235
0.0951 -0.0235
0.0951 -0.0235
0.0951 -0.0235
0.0951 -0.0235
0.0951 -0.0235
0.0951 -0.0235
0.0951 -0.0235
0.0951 -0.0235
0.0951 -0.0235
0.0675 0.0047
0.0675 0.0047
0.0675 0.0047
0.0675 0.0047
0.0675 0.0047
0.0675 0.0047
0.0675 0.0047
0.0675 0.0047
0.0675 0.0047
0.0675 0.0047
0.0675 0.0047
0.0675 0.0047
0.0675 0.0047
0.0675 0.0047
0.0675 0.0047
0.0675 0.0047
0.0675 0.0047
0.0675 0.0047
0.0886 0.0304
0.0886 0.0304
0.0886 0.0304
0.0886 0.0304
0.0886 0.0304
0.0886 0.0304
0.0886 0.0304
0.0886 0.0304
0.0886 0.0304
0.0886 0.0304
0.0886 0.0304
0.0886 0.0304
0.0886 0.0304
0.1012 -0.0206
0.1012 -0.0206
0.1012 -0.0206
0.1012 -0.0206
0.1012 -0.0206
0.1012 -0.0206
0.1012 -0.0206
0.1012 -0.0206
0.1012 -0.0206
0.1012 -0.0206
0.1012 -0.0206
0.1012 -0.0206
0.0919 -0.1493
0.0919 -0.1493
0.0919 -0.1493
0.0919 -0.1493
0.0919 -0.1493
0.0919 -0.1493
0.0919 -0.1493
0.1291 -0.0605
0.1291 -0.0605
0.1291 -0.0605
0.1291 -0.0605
0.1291 -0.0605
0.1291 -0.0605
0.1291 -0.0605
0.1291 -0.0605
0.1291 -0.0605
0.1374 -0.0408
0.1374 -0.0408
0.1374 -0.0408
0.1374 -0.0408
0.1374 -0.0408
0.1374 -0.0408
0.1374 -0.0408
0.1374 -0.0408
0.1374 -0.0408
0.1837 -0.0826
0.1837 -0.0826
0.1837 -0.0826
0.1837 -0.0826
0.1837 -0.0826
0.1837 -0.0826
0.0540 -0.0192
0.0540 -0.0192
0.0540 -0.0192
0.0540 -0.0192
0.0540 -0.0192
0.0540 -0.0192
0.0540 -0.0192
0.0540 -0.0192
0.0540 -0.0192
0.0540 -0.0192
0.0540 -0.0192
0.0540 -0.0192
0.0540 -0.0192
0.0540 -0.0192
0.0540 -0.0192
0.0540 -0.0192
0.0540 -0.0192
0.0540 -0.0192
0.0540 -0.0192
0.0540 -0.0192
0.0540 -0.0192
0.0543 -0.0608
0.0543 -0.0608
0.0543 -0.0608
0.0543 -0.0608
0.0543 -0.0608
0.0543 -0.0608
0.0543 -0.0608
0.0543 -0.0608
0.0543 -0.0608
0.0543 -0.0608
0.0543 -0.0608
0.0543 -0.0608
0.0543 -0.0608
0.0543 -0.0608
0.0543 -0.0608
0.0977 -0.1503
0.0977 -0.1503
0.0977 -0.1503
0.0977 -0.1503
0.0977 -0.1503
0.0977 -0.1503
0.0977 -0.1503
0.1297 -0.1168
0.1297 -0.1168
0.1297 -0.1168
0.1297 -0.1168
0.1297 -0.1168
0.1297 -0.1168
0.1297 -0.1168
0.1297 -0.1168
0.0298 -0.0200
0.0298 -0.0200
0.0298 -0.0200
0.0298 -0.0200
0.0298 -0.0200
0.0298 -0.0200
0.0298 -0.0200
0.0298 -0.0200
0.0298 -0.0200
0.0298 -0.0200
0.0298 -0.0200
0.0298 -0.0200
0.0298 -0.0200
0.0298 -0.0200
0.0298 -0.0200
0.0298 -0.0200
0.0298 -0.0200
0.0298 -0.0200
0.0298 -0.0200
0.0298 -0.0200
0.0298 -0.0200
0.0298 -0.0200
0.0298 -0.0200
0.0298 -0.0200
0.0298 -0.0200
0.0298 -0.0200
0.0298 -0.0200
0.0298 -0.0200
0.0298 -0.0200
0.0298 -0.0200
0.0298 -0.0200
0.0298 -0.0200
0.0298 -0.0200
0.0298 -0.0200
0.0298 -0.0200
0.1015 -0.0312
0.1015 -0.0312
0.1015 -0.0312
0.1015 -0.0312
0.1015 -0.0312
0.1015 -0.0312
0.1015 -0.0312
0.1015 -0.0312
0.1015 -0.0312
0.1015 -0.0312
0.1015 -0.0312
0.1015 -0.0312
0.1039 -0.0083
0.1039 -0.0083
0.1039 -0.0083
0.1039 -0.0083
0.1039 -0.0083
0.1039 -0.0083
0.1039 -0.0083
0.1039 -0.0083
0.1039 -0.0083
0.1039 -0.0083
0.1039 -0.0083
0.1039 -0.0083
0.1119 0.0158
0.1119 0.0158
0.1119 0.0158
0.1119 0.0158
0.1119 0.0158
0.1119 0.0158
0.1119 0.0158
0.1119 0.0158
0.1119 0.0158
0.1119 0.0158
0.1119 0.0158
0.1391 0.0259
0.1391 0.0259
0.1391 0.0259
0.1391 0.0259
0.1391 0.0259
0.1391 0.0259
0.1391 0.0259
0.1391 0.0259
0.1391 0.0259
0.2036 0.0238
0.2036 0.0238
0.2036 0.0238
0.2036 0.0238
0.2036 0.0238
0.2036 0.0238
0.1372 -0.0083
0.1372 -0.0083
0.1372 -0.0083
0.1372 -0.0083
0.1372 -0.0083
0.1372 -0.0083
0.1372 -0.0083
0.1372 -0.0083
0.1372 -0.0083
0.1055 -0.0643
0.1055 -0.0643
0.1055 -0.0643
0.1055 -0.0643
0.1055 -0.0643
0.1055 -0.0643
0.1055 -0.0643
0.1055 -0.0643
0.1055 -0.0643
0.1055 -0.0643
0.2026 -0.0863
0.2026 -0.0863
0.2026 -0.0863
0.2026 -0.0863
0.2026 -0.0863
0.2026 -0.0863
0.3022 -0.0625
0.3022 -0.0625
0.3022 -0.0625
0.3022 -0.0625
0.0874 -0.0226
0.0874 -0.0226
0.0874 -0.0226
0.0874 -0.0226
0.0874 -0.0226
0.0874 -0.0226
0.0874 -0.0226
0.0874 -0.0226
0.0874 -0.0226
0.0874 -0.0226
0.0874 -0.0226
0.0874 -0.0226
0.0874 -0.0226
0.0874 -0.0226
0.1029 -0.0438
0.1029 -0.0438
0.1029 -0.0438
0.1029 -0.0438
0.1029 -0.0438
0.1029 -0.0438
0.1029 -0.0438
0.1029 -0.0438
0.1029 -0.0438
0.1029 -0.0438
0.1029 -0.0438
0.0910 -0.0820
0.0910 -0.0820
0.0910 -0.0820
0.0910 -0.0820
0.0910 -0.0820
0.0910 -0.0820
0.0910 -0.0820
0.0910 -0.0820
0.0910 -0.0820
0.0910 -0.0820
0.0910 -0.0820
0.1288 -0.1396
0.1288 -0.1396
0.1288 -0.1396
0.1288 -0.1396
0.1288 -0.1396
0.1288 -0.1396
0.1288 -0.1396
0.2258 0.0032
0.2258 0.0032
0.2258 0.0032
0.2258 0.0032
0.2258 0.0032
0.2258 0.0032
0.1865 0.0413
0.1865 0.0413
0.1865 0.0413
0.1865 0.0413
0.1865 0.0413
0.1865 0.0413
0.1865 0.0413
0.2212 -0.1103
0.2212 -0.1103
0.2212 -0.1103
0.2212 -0.1103
0.2212 -0.1103
0.2212 -0.1103
0.2628 -0.2019
0.2628 -0.2019
0.2628 -0.2019
0.2628 -0.2019
0.2584 -0.0918
0.2584 -0.0918
0.2584 -0.0918
0.2584 -0.0918
0.2584 -0.0918
0.1744 0.0029
0.1744 0.0029
0.1744 0.0029
0.1744 0.0029
0.1744 0.0029
0.1744 0.0029
0.1744 0.0029
0.0975 -0.0225
0.0975 -0.0225
0.0975 -0.0225
0.0975 -0.0225
0.0975 -0.0225
0.0975 -0.0225
0.0975 -0.0225
0.0975 -0.0225
0.0975 -0.0225
0.0975 -0.0225
0.0975 -0.0225
0.0975 -0.0225
0.0984 0.0139
0.0984 0.0139
0.0984 0.0139
0.0984 0.0139
0.0984 0.0139
0.0984 0.0139
0.0984 0.0139
0.0984 0.0139
0.0984 0.0139
0.0984 0.0139
0.0984 0.0139
0.0984 0.0139
0.0984 0.0139
0.1257 -0.0067
0.1257 -0.0067
0.1257 -0.0067
0.1257 -0.0067
0.1257 -0.0067
0.1257 -0.0067
0.1257 -0.0067
0.1257 -0.0067
0.1257 -0.0067
0.1257 -0.0067
0.1277 0.0803
0.1277 0.0803
0.1277 0.0803
0.1277 0.0803
0.1277 0.0803
0.1277 0.0803
0.1277 0.0803
0.1277 0.0803
0.1277 0.0803
0.2267 0.0859
0.2267 0.0859
0.2267 0.0859
0.2267 0.0859
0.2267 0.0859
0.2267 0.0859
0.1774 0.4012
0.1774 0.4012
0.1774 0.4012
0.1774 0.4012
0.1267 0.6323
0.1267 0.6323
-0.0167 0.8639
-0.0167 0.8639
0.1543 0.3849
0.1543 0.3849
0.1543 0.3849
0.1798 0.1194
0.1798 0.1194
0.1798 0.1194
0.1798 0.1194
0.1798 0.1194
0.1798 0.1194
0.1691 0.0418
0.1691 0.0418
0.1691 0.0418
0.1691 0.0418
0.1691 0.0418
0.1691 0.0418
0.1691 0.0418
0.1037 -0.0101
0.1037 -0.0101
0.1037 -0.0101
0.1037 -0.0101
0.1037 -0.0101
0.1037 -0.0101
0.1037 -0.0101
0.1037 -0.0101
0.1037 -0.0101
0.1037 -0.0101
0.1037 -0.0101
0.1037 -0.0101
0.1037 -0.0101
0.1456 -0.0369
0.1456 -0.0369
0.1456 -0.0369
0.1456 -0.0369
0.1456 -0.0369
0.1456 -0.0369
0.1456 -0.0369
0.1456 -0.0369
0.1067 0.0014
0.1067 0.0014
0.1067 0.0014
0.1067 0.0014
0.1067 0.0014
0.1067 0.0014
0.1067 0.0014
0.1067 0.0014
0.1067 0.0014
0.1067 0.0014
0.1067 0.0014
0.1067 0.0014
0.1310 0.0482
0.1310 0.0482
0.1310 0.0482
0.1310 0.0482
0.1310 0.0482
0.1310 0.0482
0.1310 0.0482
0.1310 0.0482
0.1310 0.0482
0.1310 0.0482
0.3117 0.0871
0.3117 0.0871
0.3117 0.0871
0.3117 0.0871
0.1842 0.0857
0.1842 0.0857
0.1842 0.0857
0.1842 0.0857
0.1842 0.0857
0.1842 0.0857
0.1015 -0.0422
0.1015 -0.0422
0.1015 -0.0422
0.1015 -0.0422
0.1015 -0.0422
0.1015 -0.0422
0.1015 -0.0422
0.1015 -0.0422
0.1015 -0.0422
0.1015 -0.0422
0.1015 -0.0422
0.1015 -0.0422
0.1015 -0.0422
0.1776 -0.1111
0.1776 -0.1111
0.1776 -0.1111
0.1776 -0.1111
0.1776 -0.1111
0.1776 -0.1111
0.0928 -0.1826
0.0928 -0.1826
0.0928 -0.1826
0.0928 -0.1826
0.0928 -0.1826
0.0928 -0.1826
-0.0267 -1.4977
-0.0103 -0.8113
-0.0103 -0.8113
0.0379 -0.3131
0.0379 -0.3131
0.0379 -0.3131
0.0379 -0.3131
0.0652 0.1887
0.0652 0.1887
0.0652 0.1887
0.0652 0.1887
0.0652 0.1887
0.0652 0.1887
0.0652 0.1887
0.0652 0.1887
0.0652 0.1887
0.0652 0.1887
0.0652 0.1887
0.0354 -0.0802
0.0354 -0.0802
0.0354 -0.0802
0.0354 -0.0802
0.0354 -0.0802
0.0354 -0.0802
0.0354 -0.0802
0.0354 -0.0802
0.0354 -0.0802
0.0354 -0.0802
0.0354 -0.0802
0.0354 -0.0802
0.0354 -0.0802
0.0354 -0.0802
0.0354 -0.0802
0.0354 -0.0802
0.2710 0.2196
0.2710 0.2196
0.2710 0.2196
0.2710 0.2196
0.4537 0.5306
0.4537 0.5306
0.2573 -0.0201
0.2573 -0.0201
0.2573 -0.0201
0.2573 -0.0201
0.2573 -0.0201
-0.0307 -0.2386
-0.0307 -0.2386
-0.0307 -0.2386
-0.0307 -0.2386
-0.0307 -0.2386
-0.0307 -0.2386
-0.0307 -0.2386
-0.0307 -0.2386
-0.0307 -0.2386
-0.0307 -0.2386
0.0129 -0.4256
0.0129 -0.4256
0.0129 -0.4256
0.1317 -0.0021
0.1317 -0.0021
0.1317 -0.0021
0.1317 -0.0021
0.1317 -0.0021
0.1317 -0.0021
0.1317 -0.0021
0.1317 -0.0021
0.1317 -0.0021
0.1317 -0.0021
0.2221 -0.0820
0.2221 -0.0820
0.2221 -0.0820
0.2221 -0.0820
0.2221 -0.0820
0.2221 -0.0820
0.2065 0.0355
0.2065 0.0355
0.2065 0.0355
0.2065 0.0355
0.2065 0.0355
0.2065 0.0355
0.1509 0.0014
0.1509 0.0014
0.1509 0.0014
0.1509 0.0014
0.1509 0.0014
0.1509 0.0014
0.1509 0.0014
0.1509 0.0014
0.2175 -0.0412
0.2175 -0.0412
0.2175 -0.0412
0.2175 -0.0412
0.2175 -0.0412
0.2175 -0.0412
0.3163 0.0044
0.3163 0.0044
0.3163 0.0044
0.3163 0.0044
0.3098 0.0220
0.3098 0.0220
0.3098 0.0220
0.3098 0.0220
0.1866 0.0132
0.1866 0.0132
0.1866 0.0132
0.1866 0.0132
0.1866 0.0132
0.1866 0.0132
0.1866 0.0132
0.2017 -0.0458
0.2017 -0.0458
0.2017 -0.0458
0.2017 -0.0458
0.2017 -0.0458
0.2017 -0.0458
0.2017 -0.0458
0.3690 -0.1091
0.3690 -0.1091
0.3690 -0.1091
0.3690 -0.1091
0.2395 -0.0652
0.2395 -0.0652
0.2395 -0.0652
0.2395 -0.0652
0.2395 -0.0652
0.1081 0.1057
0.1081 0.1057
0.1081 0.1057
0.1081 0.1057
0.1081 0.1057
0.1081 0.1057
0.1081 0.1057
0.1081 0.1057
0.1081 0.1057
0.3033 0.2856
0.3033 0.2856
0.3033 0.2856
0.1940 0.0544
0.1940 0.0544
0.1940 0.0544
0.1940 0.0544
0.1940 0.0544
0.1940 0.0544
0.0994 -0.0643
0.0994 -0.0643
0.0994 -0.0643
0.0994 -0.0643
0.0994 -0.0643
0.0994 -0.0643
0.0994 -0.0643
0.0994 -0.0643
0.0994 -0.0643
0.0994 -0.0643
0.0994 -0.0643
0.1291 -0.0886
0.1291 -0.0886
0.1291 -0.0886
0.1291 -0.0886
0.1291 -0.0886
0.1291 -0.0886
0.1291 -0.0886
0.1291 -0.0886
0.0372 -0.0946
0.0372 -0.0946
0.0372 -0.0946
0.0372 -0.0946
0.0372 -0.0946
0.0372 -0.0946
0.0372 -0.0946
0.0372 -0.0946
0.0372 -0.0946
0.0372 -0.0946
0.0372 -0.0946
0.0372 -0.0946
0.0445 -0.2087
0.0445 -0.2087
0.0445 -0.2087
0.0445 -0.2087
0.0445 -0.2087
0.0445 -0.2087
0.0445 -0.2087
0.0445 -0.2087
0.1724 -0.0282
0.1724 -0.0282
0.1724 -0.0282
0.1724 -0.0282
0.1724 -0.0282
0.1724 -0.0282
0.1724 -0.0282
0.3761 -0.0112
0.3761 -0.0112
0.3761 -0.0112
0.3761 -0.0112
0.4380 0.1005
0.4380 0.1005
0.4380 0.1005
0.2353 -0.0646
0.2353 -0.0646
0.2353 -0.0646
0.2353 -0.0646
0.2353 -0.0646
0.2353 -0.0646
0.3843 -0.1237
0.3843 -0.1237
0.3843 -0.1237
0.3157 -0.0772
0.3157 -0.0772
0.3157 -0.0772
0.3157 -0.0772
0.2495 -0.0937
0.2495 -0.0937
0.2495 -0.0937
0.2495 -0.0937
0.2495 -0.0937
0.1615 -0.1285
0.1615 -0.1285
0.1615 -0.1285
0.1615 -0.1285
0.1615 -0.1285
0.1615 -0.1285
0.2197 -0.1141
0.2197 -0.1141
0.2197 -0.1141
0.2197 -0.1141
0.2197 -0.1141
0.2439 -0.1980
0.2439 -0.1980
0.2439 -0.1980
0.2439 -0.1980
0.2621 0.0528
0.2621 0.0528
0.2621 0.0528
0.2621 0.0528
0.2621 0.0528
0.2621 0.0528
0.4107 -0.0688
0.4107 -0.0688
0.4107 -0.0688
0.1870 -0.0913
0.1870 -0.0913
0.1870 -0.0913
0.1870 -0.0913
0.1870 -0.0913
0.1870 -0.0913
0.0783 0.1397
0.0783 0.1397
0.0783 0.1397
0.0783 0.1397
0.0783 0.1397
0.0783 0.1397
0.0783 0.1397
0.0783 0.1397
0.2568 -0.1100
0.2568 -0.1100
0.2568 -0.1100
0.2568 -0.1100
0.2568 -0.1100
0.3185 0.0109
0.3185 0.0109
0.3185 0.0109
0.3185 0.0109
0.2701 -0.0915
0.2701 -0.0915
0.2701 -0.0915
0.2701 -0.0915
0.2701 -0.0915
0.2087 -0.2102
0.2087 -0.2102
0.2087 -0.2102
0.2087 -0.2102
0.2087 -0.2102
0.1400 -0.1128
0.1400 -0.1128
0.1400 -0.1128
0.1400 -0.1128
0.1400 -0.1128
0.1400 -0.1128
0.1400 -0.1128
0.1475 -0.0684
0.1475 -0.0684
0.1475 -0.0684
0.1475 -0.0684
0.1475 -0.0684
0.1475 -0.0684
0.1475 -0.0684
0.1475 -0.0684
0.2492 -0.0605
0.2492 -0.0605
0.2492 -0.0605
0.2492 -0.0605
0.2492 -0.0605
0.2364 0.0818
0.2364 0.0818
0.2364 0.0818
0.2364 0.0818
0.2364 0.0818
0.1747 0.1684
0.1747 0.1684
0.1747 0.1684
0.1747 0.1684
0.1747 0.1684
0.2822 0.3388
0.2822 0.3388
0.2822 0.3388
0.2128 0.0592
0.2128 0.0592
0.2128 0.0592
0.2128 0.0592
0.2128 0.0592
0.2128 0.0592
0.1786 -0.1488
0.1786 -0.1488
0.1786 -0.1488
0.1786 -0.1488
0.1786 -0.1488
0.1786 -0.1488
0.1568 -0.1636
0.1568 -0.1636
0.1568 -0.1636
0.1568 -0.1636
0.1568 -0.1636
0.1568 -0.1636
0.1336 -0.3213
0.1336 -0.3213
0.1336 -0.3213
0.1336 -0.3213
0.1256 -0.4361
0.1256 -0.4361
0.1256 -0.4361
0.1512 -0.1941
0.1512 -0.1941
0.1512 -0.1941
0.1512 -0.1941
0.1512 -0.1941
0.1109 -0.0361
0.1109 -0.0361
0.1109 -0.0361
0.1109 -0.0361
0.1109 -0.0361
0.1109 -0.0361
0.1109 -0.0361
0.1109 -0.0361
0.1109 -0.0361
0.1109 -0.0361
0.1109 -0.0361
0.1054 0.0722
0.1054 0.0722
0.1054 0.0722
0.1054 0.0722
0.1054 0.0722
0.1054 0.0722
0.1054 0.0722
0.1054 0.0722
0.1054 0.0722
0.1054 0.0722
0.1599 0.1493
0.1599 0.1493
0.1599 0.1493
0.1599 0.1493
0.1599 0.1493
0.1599 0.1493
0.2039 0.1218
0.2039 0.1218
0.2039 0.1218
0.2039 0.1218
0.2039 0.1218
0.2039 0.1218
0.1831 0.0383
0.1831 0.0383
0.1831 0.0383
0.1831 0.0383
0.1831 0.0383
0.1831 0.0383
0.1831 0.0383
0.1120 -0.1020
0.1120 -0.1020
0.1120 -0.1020
0.1120 -0.1020
0.1120 -0.1020
0.1120 -0.1020
0.1120 -0.1020
0.1120 -0.1020
0.1722 -0.1208
0.1722 -0.1208
0.1722 -0.1208
0.1722 -0.1208
0.1722 -0.1208
0.1722 -0.1208
0.1722 -0.1208
0.2624 -0.1904
0.2624 -0.1904
0.2624 -0.1904
0.2624 -0.1904
0.2123 0.0386
0.2123 0.0386
0.2123 0.0386
0.2123 0.0386
0.2123 0.0386
0.2123 0.0386
0.1075 0.2285
0.1075 0.2285
0.1075 0.2285
0.1075 0.2285
0.1075 0.2285
0.1197 -0.0352
0.1197 -0.0352
0.1197 -0.0352
0.1197 -0.0352
0.1197 -0.0352
0.1197 -0.0352
0.1197 -0.0352
0.1197 -0.0352
0.1197 -0.0352
0.1197 -0.0352
0.1250 -0.0162
0.1250 -0.0162
0.1250 -0.0162
0.1250 -0.0162
0.1250 -0.0162
0.1250 -0.0162
0.1250 -0.0162
0.1250 -0.0162
0.1250 -0.0162
0.1250 -0.0162
0.0962 -0.0077
0.0962 -0.0077
0.0962 -0.0077
0.0962 -0.0077
0.0962 -0.0077
0.0962 -0.0077
0.0962 -0.0077
0.0962 -0.0077
0.0962 -0.0077
0.0962 -0.0077
0.0962 -0.0077
0.0962 -0.0077
0.0962 -0.0077
0.1190 -0.0623
0.1190 -0.0623
0.1190 -0.0623
0.1190 -0.0623
0.1190 -0.0623
0.1190 -0.0623
0.1190 -0.0623
0.1190 -0.0623
0.1190 -0.0623
0.1164 0.0271
0.1164 0.0271
0.1164 0.0271
0.1164 0.0271
0.1164 0.0271
0.1164 0.0271
0.1164 0.0271
0.1164 0.0271
0.1164 0.0271
0.1164 0.0271
0.1164 0.0271
0.1155 0.1698
0.1155 0.1698
0.1155 0.1698
0.1155 0.1698
0.1155 0.1698
0.1155 0.1698
0.1381 0.2691
0.1381 0.2691
0.1381 0.2691
0.1381 0.2691
0.1381 0.2691
0.2859 0.2393
0.2859 0.2393
0.2859 0.2393
0.2859 0.2393
0.3102 0.1904
0.3102 0.1904
0.3102 0.1904
0.3102 0.1904
0.1751 0.1062
0.1751 0.1062
0.1751 0.1062
0.1751 0.1062
0.1751 0.1062
0.1751 0.1062
0.1513 0.0125
0.1513 0.0125
0.1513 0.0125
0.1513 0.0125
0.1513 0.0125
0.1513 0.0125
0.1513 0.0125
0.1513 0.0125
0.1513 0.0125
0.1864 -0.0828
0.1864 -0.0828
0.1864 -0.0828
0.1864 -0.0828
0.1864 -0.0828
0.1864 -0.0828
0.0836 -0.0797
0.0836 -0.0797
0.0836 -0.0797
0.0836 -0.0797
0.0836 -0.0797
0.0836 -0.0797
0.0836 -0.0797
0.0836 -0.0797
0.0836 -0.0797
0.0836 -0.0797
0.0836 -0.0797
0.2326 -0.0701
0.2326 -0.0701
0.2326 -0.0701
0.2326 -0.0701
0.2326 -0.0701
0.2326 -0.0701
0.1147 -0.0213
0.1147 -0.0213
0.1147 -0.0213
0.1147 -0.0213
0.1147 -0.0213
0.1147 -0.0213
0.1147 -0.0213
0.1147 -0.0213
0.1147 -0.0213
0.1147 -0.0213
0.1147 -0.0213
0.1429 0.0501
0.1429 0.0501
0.1429 0.0501
0.1429 0.0501
0.1429 0.0501
0.1429 0.0501
0.1429 0.0501
0.1429 0.0501
0.1429 0.0501
0.1282 0.1230
0.1282 0.1230
0.1282 0.1230
0.1282 0.1230
0.1282 0.1230
0.1282 0.1230
0.1282 0.1230
0.1550 0.1774
0.1550 0.1774
0.1550 0.1774
0.1550 0.1774
0.1550 0.1774
0.1550 0.1774
0.1304 0.0637
0.1304 0.0637
0.1304 0.0637
0.1304 0.0637
0.1304 0.0637
0.1304 0.0637
0.1304 0.0637
0.1304 0.0637
0.1304 0.0637
0.2118 0.1354
0.2118 0.1354
0.2118 0.1354
0.2118 0.1354
0.2118 0.1354
0.1589 0.0735
0.1589 0.0735
0.1589 0.0735
0.1589 0.0735
0.1589 0.0735
0.1589 0.0735
0.1589 0.0735
0.0733 -0.0142
0.0733 -0.0142
0.0733 -0.0142
0.0733 -0.0142
0.0733 -0.0142
0.0733 -0.0142
0.0733 -0.0142
0.0733 -0.0142
0.0733 -0.0142
0.0733 -0.0142
0.0733 -0.0142
0.0733 -0.0142
0.0733 -0.0142
0.0733 -0.0142
0.0733 -0.0142
0.0733 -0.0142
0.0733 -0.0142
0.0733 -0.0142
0.0733 -0.0142
0.5285 -0.1470
0.5285 -0.1470
0.5285 -0.1470
0.4903 -0.0843
0.4903 -0.0843
0.4903 -0.0843
0.1376 0.0120
0.1376 0.0120
0.1376 0.0120
0.1376 0.0120
0.1376 0.0120
0.1376 0.0120
0.1376 0.0120
0.1376 0.0120
0.1376 0.0120
0.0977 0.0753
0.0977 0.0753
0.0977 0.0753
0.0977 0.0753
0.0977 0.0753
0.0977 0.0753
0.0977 0.0753
0.0977 0.0753
0.0977 0.0753
0.0977 0.0753
0.1068 0.0388
0.1068 0.0388
0.1068 0.0388
0.1068 0.0388
0.1068 0.0388
0.1068 0.0388
0.1068 0.0388
0.1068 0.0388
0.1068 0.0388
0.1068 0.0388
0.1068 0.0388
0.3979 -0.1919
0.3979 -0.1919
0.3979 -0.1919
0.3673 -0.1679
0.3673 -0.1679
0.3673 -0.1679
0.0988 0.0158
0.0988 0.0158
0.0988 0.0158
0.0988 0.0158
0.0988 0.0158
0.0988 0.0158
0.0988 0.0158
0.0988 0.0158
0.0988 0.0158
0.0988 0.0158
0.0988 0.0158
0.0988 0.0158
0.0988 0.0158
0.2656 0.0631
0.2656 0.0631
0.2656 0.0631
0.2656 0.0631
0.2656 0.0631
0.2973 0.0336
0.2973 0.0336
0.2973 0.0336
0.2973 0.0336
0.2973 0.0336
0.3689 -0.0114
0.3689 -0.0114
0.3689 -0.0114
0.3689 -0.0114
0.3270 0.0341
0.3270 0.0341
0.3270 0.0341
0.3270 0.0341
0.2619 0.1751
0.2619 0.1751
0.2619 0.1751
0.2619 0.1751
0.1815 0.1259
0.1815 0.1259
0.1815 0.1259
0.1815 0.1259
0.1815 0.1259
0.1815 0.1259
0.1211 0.0602
0.1211 0.0602
0.1211 0.0602
0.1211 0.0602
0.1211 0.0602
0.1211 0.0602
0.1211 0.0602
0.1211 0.0602
0.1211 0.0602
0.0265 0.0665
0.0265 0.0665
0.0265 0.0665
0.0265 0.0665
0.0265 0.0665
0.0265 0.0665
0.0265 0.0665
0.0265 0.0665
0.0265 0.0665
0.0265 0.0665
0.0265 0.0665
0.0265 0.0665
0.0265 0.0665
0.0265 0.0665
0.0265 0.0665
0.0265 0.0665
0.0265 0.0665
0.0070 0.0645
-0.0443 0.0700
0.2128 0.0467
-0.1236 0.0199
